   978
 -.571500E+00 -.609500E+00 -.101600E+01  -.381000E+00 -.609500E+00 -.101600E+01
 -.381000E+00 -.609500E+00 -.101600E+01  -.190500E+00 -.609500E+00 -.101600E+01
 -.190500E+00 -.609500E+00 -.101600E+01  0.000000E+00 -.609500E+00 -.101600E+01
 0.000000E+00 -.609500E+00 -.101600E+01  0.190500E+00 -.609500E+00 -.101600E+01
 0.190500E+00 -.609500E+00 -.101600E+01  0.381000E+00 -.609500E+00 -.101600E+01
 0.381000E+00 -.609500E+00 -.101600E+01  0.571500E+00 -.609500E+00 -.101600E+01
 -.571500E+00 -.406300E+00 -.101600E+01  -.381000E+00 -.406300E+00 -.101600E+01
 -.381000E+00 -.406300E+00 -.101600E+01  -.190500E+00 -.406300E+00 -.101600E+01
 -.190500E+00 -.406300E+00 -.101600E+01  0.000000E+00 -.406300E+00 -.101600E+01
 0.000000E+00 -.406300E+00 -.101600E+01  0.190500E+00 -.406300E+00 -.101600E+01
 0.190500E+00 -.406300E+00 -.101600E+01  0.381000E+00 -.406300E+00 -.101600E+01
 0.381000E+00 -.406300E+00 -.101600E+01  0.571500E+00 -.406300E+00 -.101600E+01
 -.571500E+00 -.203200E+00 -.101600E+01  -.461000E+00 -.243200E+00 -.101600E+01
 -.461000E+00 -.243200E+00 -.101600E+01  -.280500E+00 -.203200E+00 -.101600E+01
 -.280500E+00 -.203200E+00 -.101600E+01  0.900000E-01 -.203200E+00 -.101600E+01
 0.900000E-01 -.203200E+00 -.101600E+01  0.270500E+00 -.243200E+00 -.101600E+01
 0.270500E+00 -.243200E+00 -.101600E+01  0.381000E+00 -.203200E+00 -.101600E+01
 0.381000E+00 -.203200E+00 -.101600E+01  0.571500E+00 -.203200E+00 -.101600E+01
 -.571500E+00 0.000000E+00 -.101600E+01  -.461000E+00 0.000000E+00 -.101600E+01
 0.270500E+00 0.000000E+00 -.101600E+01  0.381000E+00 0.000000E+00 -.101600E+01
 0.381000E+00 0.000000E+00 -.101600E+01  0.571500E+00 0.000000E+00 -.101600E+01
 -.571500E+00 0.203200E+00 -.101600E+01  -.461000E+00 0.163200E+00 -.101600E+01
 -.461000E+00 0.163200E+00 -.101600E+01  -.280500E+00 0.163200E+00 -.101600E+01
 -.280500E+00 0.163200E+00 -.101600E+01  0.900000E-01 0.163200E+00 -.101600E+01
 0.900000E-01 0.163200E+00 -.101600E+01  0.270500E+00 0.163200E+00 -.101600E+01
 0.270500E+00 0.163200E+00 -.101600E+01  0.381000E+00 0.203200E+00 -.101600E+01
 0.381000E+00 0.203200E+00 -.101600E+01  0.571500E+00 0.203200E+00 -.101600E+01
 -.571500E+00 0.406300E+00 -.101600E+01  -.381000E+00 0.406300E+00 -.101600E+01
 -.381000E+00 0.406300E+00 -.101600E+01  -.190500E+00 0.406300E+00 -.101600E+01
 -.190500E+00 0.406300E+00 -.101600E+01  0.000000E+00 0.406300E+00 -.101600E+01
 0.000000E+00 0.406300E+00 -.101600E+01  0.190500E+00 0.406300E+00 -.101600E+01
 0.190500E+00 0.406300E+00 -.101600E+01  0.381000E+00 0.406300E+00 -.101600E+01
 0.381000E+00 0.406300E+00 -.101600E+01  0.571500E+00 0.406300E+00 -.101600E+01
 -.571500E+00 0.609500E+00 -.846700E+00  -.381000E+00 0.609500E+00 -.846700E+00
 -.381000E+00 0.609500E+00 -.846700E+00  -.190500E+00 0.609500E+00 -.846700E+00
 -.190500E+00 0.609500E+00 -.846700E+00  0.000000E+00 0.609500E+00 -.846700E+00
 0.000000E+00 0.609500E+00 -.846700E+00  0.190500E+00 0.609500E+00 -.846700E+00
 0.190500E+00 0.609500E+00 -.846700E+00  0.381000E+00 0.609500E+00 -.846700E+00
 0.381000E+00 0.609500E+00 -.846700E+00  0.571500E+00 0.609500E+00 -.846700E+00
 -.571500E+00 -.609500E+00 -.101600E+01  -.571500E+00 -.406300E+00 -.101600E+01
 -.381000E+00 -.609500E+00 -.101600E+01  -.381000E+00 -.406300E+00 -.101600E+01
 -.190500E+00 -.609500E+00 -.101600E+01  -.190500E+00 -.406300E+00 -.101600E+01
 0.000000E+00 -.609500E+00 -.101600E+01  0.000000E+00 -.406300E+00 -.101600E+01
 0.190500E+00 -.609500E+00 -.101600E+01  0.190500E+00 -.406300E+00 -.101600E+01
 0.381000E+00 -.609500E+00 -.101600E+01  0.381000E+00 -.548500E+00 -.101600E+01
 0.571500E+00 -.609500E+00 -.101600E+01  0.571500E+00 -.406300E+00 -.101600E+01
 -.571500E+00 -.406300E+00 -.101600E+01  -.571500E+00 -.203200E+00 -.101600E+01
 -.381000E+00 -.406300E+00 -.101600E+01  -.461000E+00 -.243200E+00 -.101600E+01
 -.190500E+00 -.406300E+00 -.101600E+01  -.280500E+00 -.203200E+00 -.101600E+01
 0.000000E+00 -.406300E+00 -.101600E+01  0.900000E-01 -.203200E+00 -.101600E+01
 0.190500E+00 -.406300E+00 -.101600E+01  0.270500E+00 -.243200E+00 -.101600E+01
 0.381000E+00 -.406300E+00 -.101600E+01  0.381000E+00 -.203200E+00 -.101600E+01
 0.571500E+00 -.406300E+00 -.101600E+01  0.571500E+00 -.203200E+00 -.101600E+01
 -.571500E+00 -.203200E+00 -.101600E+01  -.571500E+00 0.000000E+00 -.101600E+01
 -.461000E+00 -.243200E+00 -.101600E+01  -.461000E+00 0.000000E+00 -.101600E+01
 0.270500E+00 -.243200E+00 -.101600E+01  0.270500E+00 0.000000E+00 -.101600E+01
 0.381000E+00 -.203200E+00 -.101600E+01  0.381000E+00 0.000000E+00 -.101600E+01
 0.571500E+00 -.203200E+00 -.101600E+01  0.571500E+00 0.000000E+00 -.101600E+01
 -.571500E+00 0.000000E+00 -.101600E+01  -.571500E+00 0.203200E+00 -.101600E+01
 -.461000E+00 0.000000E+00 -.101600E+01  -.461000E+00 0.163200E+00 -.101600E+01
 0.270500E+00 0.000000E+00 -.101600E+01  0.270500E+00 0.163200E+00 -.101600E+01
 0.381000E+00 0.000000E+00 -.101600E+01  0.381000E+00 0.203200E+00 -.101600E+01
 0.571500E+00 0.000000E+00 -.101600E+01  0.571500E+00 0.203200E+00 -.101600E+01
 -.571500E+00 0.203200E+00 -.101600E+01  -.571500E+00 0.406300E+00 -.101600E+01
 -.461000E+00 0.163200E+00 -.101600E+01  -.381000E+00 0.406300E+00 -.101600E+01
 -.280500E+00 0.163200E+00 -.101600E+01  -.190500E+00 0.406300E+00 -.101600E+01
 0.900000E-01 0.163200E+00 -.101600E+01  0.000000E+00 0.406300E+00 -.101600E+01
 0.270500E+00 0.163200E+00 -.101600E+01  0.190500E+00 0.406300E+00 -.101600E+01
 0.381000E+00 0.203200E+00 -.101600E+01  0.381000E+00 0.406300E+00 -.101600E+01
 0.571500E+00 0.203200E+00 -.101600E+01  0.571500E+00 0.406300E+00 -.101600E+01
 -.571500E+00 0.406300E+00 -.101600E+01  -.571500E+00 0.609500E+00 -.846700E+00
 -.381000E+00 0.406300E+00 -.101600E+01  -.381000E+00 0.609500E+00 -.846700E+00
 -.190500E+00 0.406300E+00 -.101600E+01  -.190500E+00 0.609500E+00 -.846700E+00
 0.000000E+00 0.406300E+00 -.101600E+01  0.000000E+00 0.609500E+00 -.846700E+00
 0.190500E+00 0.406300E+00 -.101600E+01  0.190500E+00 0.609500E+00 -.846700E+00
 0.381000E+00 0.406300E+00 -.101600E+01  0.381000E+00 0.609500E+00 -.846700E+00
 0.571500E+00 0.406300E+00 -.101600E+01  0.571500E+00 0.609500E+00 -.846700E+00
 -.571500E+00 -.609500E+00 0.101600E+01  -.381000E+00 -.609500E+00 0.101600E+01
 -.381000E+00 -.609500E+00 0.101600E+01  -.190500E+00 -.609500E+00 0.101600E+01
 -.190500E+00 -.609500E+00 0.101600E+01  0.000000E+00 -.609500E+00 0.101600E+01
 0.000000E+00 -.609500E+00 0.101600E+01  0.190500E+00 -.609500E+00 0.101600E+01
 0.190500E+00 -.609500E+00 0.101600E+01  0.381000E+00 -.609500E+00 0.101600E+01
 0.381000E+00 -.609500E+00 0.101600E+01  0.571500E+00 -.609500E+00 0.101600E+01
 -.571500E+00 -.406300E+00 0.101600E+01  -.381000E+00 -.406300E+00 0.101600E+01
 -.381000E+00 -.406300E+00 0.101600E+01  -.160500E+00 -.466300E+00 0.101600E+01
 -.160500E+00 -.466300E+00 0.101600E+01  0.000000E+00 -.466300E+00 0.101600E+01
 0.000000E+00 -.466300E+00 0.101600E+01  0.160500E+00 -.466300E+00 0.101600E+01
 0.160500E+00 -.466300E+00 0.101600E+01  0.381000E+00 -.406300E+00 0.101600E+01
 0.381000E+00 -.406300E+00 0.101600E+01  0.571500E+00 -.406300E+00 0.101600E+01
 -.571500E+00 -.203200E+00 0.101600E+01  -.381000E+00 -.203200E+00 0.101600E+01
 -.381000E+00 -.203200E+00 0.101600E+01  -.160500E+00 -.233200E+00 0.101600E+01
 0.160500E+00 -.233200E+00 0.101600E+01  0.381000E+00 -.203200E+00 0.101600E+01
 0.381000E+00 -.203200E+00 0.101600E+01  0.571500E+00 -.203200E+00 0.101600E+01
 -.571500E+00 0.000000E+00 0.101600E+01  -.381000E+00 0.000000E+00 0.101600E+01
 -.381000E+00 0.000000E+00 0.101600E+01  -.160500E+00 0.000000E+00 0.101600E+01
 -.160500E+00 0.000000E+00 0.101600E+01  0.000000E+00 0.000000E+00 0.101600E+01
 0.000000E+00 0.000000E+00 0.101600E+01  0.160500E+00 0.000000E+00 0.101600E+01
 0.160500E+00 0.000000E+00 0.101600E+01  0.381000E+00 0.000000E+00 0.101600E+01
 0.381000E+00 0.000000E+00 0.101600E+01  0.571500E+00 0.000000E+00 0.101600E+01
 -.571500E+00 0.203200E+00 0.101600E+01  -.381000E+00 0.203200E+00 0.101600E+01
 -.381000E+00 0.203200E+00 0.101600E+01  -.190500E+00 0.203200E+00 0.101600E+01
 -.190500E+00 0.203200E+00 0.101600E+01  0.000000E+00 0.203200E+00 0.101600E+01
 0.000000E+00 0.203200E+00 0.101600E+01  0.190500E+00 0.203200E+00 0.101600E+01
 0.190500E+00 0.203200E+00 0.101600E+01  0.381000E+00 0.203200E+00 0.101600E+01
 0.381000E+00 0.203200E+00 0.101600E+01  0.571500E+00 0.203200E+00 0.101600E+01
 -.571500E+00 0.406300E+00 0.101600E+01  -.381000E+00 0.406300E+00 0.101600E+01
 -.381000E+00 0.406300E+00 0.101600E+01  -.190500E+00 0.406300E+00 0.101600E+01
 -.190500E+00 0.406300E+00 0.101600E+01  0.000000E+00 0.406300E+00 0.101600E+01
 0.000000E+00 0.406300E+00 0.101600E+01  0.190500E+00 0.406300E+00 0.101600E+01
 0.190500E+00 0.406300E+00 0.101600E+01  0.381000E+00 0.406300E+00 0.101600E+01
 0.381000E+00 0.406300E+00 0.101600E+01  0.571500E+00 0.406300E+00 0.101600E+01
 -.571500E+00 0.609500E+00 0.846700E+00  -.381000E+00 0.609500E+00 0.846700E+00
 -.381000E+00 0.609500E+00 0.846700E+00  -.190500E+00 0.609500E+00 0.846700E+00
 -.190500E+00 0.609500E+00 0.846700E+00  0.000000E+00 0.609500E+00 0.846700E+00
 0.000000E+00 0.609500E+00 0.846700E+00  0.190500E+00 0.609500E+00 0.846700E+00
 0.190500E+00 0.609500E+00 0.846700E+00  0.381000E+00 0.609500E+00 0.846700E+00
 0.381000E+00 0.609500E+00 0.846700E+00  0.571500E+00 0.609500E+00 0.846700E+00
 -.571500E+00 -.609500E+00 0.101600E+01  -.571500E+00 -.406300E+00 0.101600E+01
 -.381000E+00 -.609500E+00 0.101600E+01  -.381000E+00 -.406300E+00 0.101600E+01
 -.190500E+00 -.609500E+00 0.101600E+01  -.160500E+00 -.466300E+00 0.101600E+01
 0.000000E+00 -.609500E+00 0.101600E+01  0.000000E+00 -.466300E+00 0.101600E+01
 0.190500E+00 -.609500E+00 0.101600E+01  0.160500E+00 -.466300E+00 0.101600E+01
 0.381000E+00 -.609500E+00 0.101600E+01  0.381000E+00 -.406300E+00 0.101600E+01
 0.571500E+00 -.609500E+00 0.101600E+01  0.571500E+00 -.406300E+00 0.101600E+01
 -.571500E+00 -.406300E+00 0.101600E+01  -.571500E+00 -.203200E+00 0.101600E+01
 -.381000E+00 -.406300E+00 0.101600E+01  -.381000E+00 -.203200E+00 0.101600E+01
 -.160500E+00 -.466300E+00 0.101600E+01  -.160500E+00 -.233200E+00 0.101600E+01
 0.160500E+00 -.466300E+00 0.101600E+01  0.160500E+00 -.233200E+00 0.101600E+01
 0.381000E+00 -.406300E+00 0.101600E+01  0.381000E+00 -.203200E+00 0.101600E+01
 0.571500E+00 -.406300E+00 0.101600E+01  0.571500E+00 -.203200E+00 0.101600E+01
 -.571500E+00 -.203200E+00 0.101600E+01  -.571500E+00 0.000000E+00 0.101600E+01
 -.381000E+00 -.203200E+00 0.101600E+01  -.381000E+00 0.000000E+00 0.101600E+01
 -.160500E+00 -.233200E+00 0.101600E+01  -.160500E+00 0.000000E+00 0.101600E+01
 0.160500E+00 -.233200E+00 0.101600E+01  0.160500E+00 0.000000E+00 0.101600E+01
 0.381000E+00 -.203200E+00 0.101600E+01  0.381000E+00 -.142200E+00 0.101600E+01
 0.571500E+00 -.203200E+00 0.101600E+01  0.571500E+00 0.000000E+00 0.101600E+01
 -.571500E+00 0.000000E+00 0.101600E+01  -.571500E+00 0.203200E+00 0.101600E+01
 -.381000E+00 0.000000E+00 0.101600E+01  -.381000E+00 0.203200E+00 0.101600E+01
 -.160500E+00 0.000000E+00 0.101600E+01  -.190500E+00 0.203200E+00 0.101600E+01
 0.000000E+00 0.000000E+00 0.101600E+01  0.000000E+00 0.203200E+00 0.101600E+01
 0.160500E+00 0.000000E+00 0.101600E+01  0.190500E+00 0.203200E+00 0.101600E+01
 0.381000E+00 0.000000E+00 0.101600E+01  0.381000E+00 0.203200E+00 0.101600E+01
 0.571500E+00 0.000000E+00 0.101600E+01  0.571500E+00 0.203200E+00 0.101600E+01
 -.571500E+00 0.203200E+00 0.101600E+01  -.571500E+00 0.406300E+00 0.101600E+01
 -.381000E+00 0.203200E+00 0.101600E+01  -.381000E+00 0.406300E+00 0.101600E+01
 -.190500E+00 0.203200E+00 0.101600E+01  -.190500E+00 0.406300E+00 0.101600E+01
 0.000000E+00 0.203200E+00 0.101600E+01  0.000000E+00 0.406300E+00 0.101600E+01
 0.190500E+00 0.203200E+00 0.101600E+01  0.190500E+00 0.406300E+00 0.101600E+01
 0.381000E+00 0.203200E+00 0.101600E+01  0.381000E+00 0.406300E+00 0.101600E+01
 0.571500E+00 0.203200E+00 0.101600E+01  0.571500E+00 0.406300E+00 0.101600E+01
 -.571500E+00 0.406300E+00 0.101600E+01  -.571500E+00 0.609500E+00 0.846700E+00
 -.381000E+00 0.406300E+00 0.101600E+01  -.381000E+00 0.609500E+00 0.846700E+00
 -.190500E+00 0.406300E+00 0.101600E+01  -.190500E+00 0.609500E+00 0.846700E+00
 0.000000E+00 0.406300E+00 0.101600E+01  0.000000E+00 0.609500E+00 0.846700E+00
 0.190500E+00 0.406300E+00 0.101600E+01  0.190500E+00 0.609500E+00 0.846700E+00
 0.381000E+00 0.406300E+00 0.101600E+01  0.381000E+00 0.609500E+00 0.846700E+00
 0.571500E+00 0.406300E+00 0.101600E+01  0.571500E+00 0.609500E+00 0.846700E+00
 -.571500E+00 -.609500E+00 -.677300E+00  -.571500E+00 -.406300E+00 -.677300E+00
 -.571500E+00 -.406300E+00 -.677300E+00  -.571500E+00 -.203200E+00 -.677300E+00
 -.571500E+00 -.203200E+00 -.677300E+00  -.571500E+00 0.000000E+00 -.677300E+00
 -.571500E+00 0.000000E+00 -.677300E+00  -.571500E+00 0.203200E+00 -.677300E+00
 -.571500E+00 0.203200E+00 -.677300E+00  -.571500E+00 0.406300E+00 -.677300E+00
 -.571500E+00 0.406300E+00 -.677300E+00  -.571500E+00 0.609500E+00 -.564400E+00
 -.571500E+00 -.609500E+00 -.338700E+00  -.571500E+00 -.406300E+00 -.338700E+00
 -.571500E+00 -.406300E+00 -.338700E+00  -.571500E+00 -.203200E+00 -.338700E+00
 -.571500E+00 -.203200E+00 -.338700E+00  -.571500E+00 0.000000E+00 -.338700E+00
 -.571500E+00 0.000000E+00 -.338700E+00  -.571500E+00 0.203200E+00 -.338700E+00
 -.571500E+00 0.203200E+00 -.338700E+00  -.571500E+00 0.406300E+00 -.338700E+00
 -.571500E+00 0.406300E+00 -.338700E+00  -.571500E+00 0.609500E+00 -.282200E+00
 -.571500E+00 -.609500E+00 0.000000E+00  -.571500E+00 -.507900E+00 0.000000E+00
 -.571500E+00 -.406300E+00 0.000000E+00  -.571500E+00 -.203200E+00 0.000000E+00
 -.571500E+00 -.203200E+00 0.000000E+00  -.571500E+00 0.000000E+00 0.000000E+00
 -.571500E+00 0.000000E+00 0.000000E+00  -.571500E+00 0.203200E+00 0.000000E+00
 -.571500E+00 0.203200E+00 0.000000E+00  -.571500E+00 0.406300E+00 0.000000E+00
 -.571500E+00 0.406300E+00 0.000000E+00  -.571500E+00 0.507900E+00 0.000000E+00
 -.571500E+00 -.609500E+00 0.338700E+00  -.571500E+00 -.406300E+00 0.338700E+00
 -.571500E+00 -.406300E+00 0.338700E+00  -.571500E+00 -.203200E+00 0.338700E+00
 -.571500E+00 -.203200E+00 0.338700E+00  -.571500E+00 0.000000E+00 0.338700E+00
 -.571500E+00 0.000000E+00 0.338700E+00  -.571500E+00 0.203200E+00 0.338700E+00
 -.571500E+00 0.203200E+00 0.338700E+00  -.571500E+00 0.406300E+00 0.338700E+00
 -.571500E+00 0.406300E+00 0.338700E+00  -.571500E+00 0.609500E+00 0.282200E+00
 -.571500E+00 -.609500E+00 0.677300E+00  -.571500E+00 -.406300E+00 0.677300E+00
 -.571500E+00 -.406300E+00 0.677300E+00  -.571500E+00 -.203200E+00 0.677300E+00
 -.571500E+00 -.203200E+00 0.677300E+00  -.571500E+00 0.000000E+00 0.677300E+00
 -.571500E+00 0.000000E+00 0.677300E+00  -.571500E+00 0.203200E+00 0.677300E+00
 -.571500E+00 0.203200E+00 0.677300E+00  -.571500E+00 0.304700E+00 0.677300E+00
 -.571500E+00 0.406300E+00 0.677300E+00  -.571500E+00 0.609500E+00 0.564400E+00
 -.571500E+00 -.609500E+00 -.101600E+01  -.571500E+00 -.758000E+00 -.101600E+01
 -.571500E+00 -.406300E+00 -.101600E+01  -.571500E+00 -.406300E+00 -.677300E+00
 -.571500E+00 -.203200E+00 -.101600E+01  -.571500E+00 -.203200E+00 -.677300E+00
 -.571500E+00 0.000000E+00 -.101600E+01  -.571500E+00 0.000000E+00 -.677300E+00
 -.571500E+00 0.203200E+00 -.101600E+01  -.571500E+00 0.203200E+00 -.677300E+00
 -.571500E+00 0.406300E+00 -.101600E+01  -.571500E+00 0.406300E+00 -.677300E+00
 -.571500E+00 0.609500E+00 -.846700E+00  -.571500E+00 0.609500E+00 -.564400E+00
 -.571500E+00 -.609500E+00 -.677300E+00  -.571500E+00 -.609500E+00 -.338700E+00
 -.571500E+00 -.406300E+00 -.677300E+00  -.571500E+00 -.406300E+00 -.338700E+00
 -.571500E+00 -.203200E+00 -.677300E+00  -.571500E+00 -.203200E+00 -.508000E+00
 -.571500E+00 0.000000E+00 -.677300E+00  -.571500E+00 0.000000E+00 -.508000E+00
 -.571500E+00 0.203200E+00 -.677300E+00  -.571500E+00 0.203200E+00 -.508000E+00
 -.571500E+00 0.406300E+00 -.677300E+00  -.571500E+00 0.406300E+00 -.338700E+00
 -.571500E+00 0.609500E+00 -.564400E+00  -.571500E+00 0.609500E+00 -.282200E+00
 -.571500E+00 -.609500E+00 -.338700E+00  -.571500E+00 -.609500E+00 -.169300E+00
 -.571500E+00 -.406300E+00 -.338700E+00  -.571500E+00 -.406300E+00 -.169300E+00
 -.571500E+00 -.203200E+00 -.338700E+00  -.571500E+00 -.203200E+00 0.000000E+00
 -.571500E+00 0.000000E+00 -.338700E+00  -.571500E+00 0.000000E+00 0.000000E+00
 -.571500E+00 0.203200E+00 -.338700E+00  -.571500E+00 0.203200E+00 0.000000E+00
 -.571500E+00 0.406300E+00 -.338700E+00  -.571500E+00 0.406300E+00 -.169300E+00
 -.571500E+00 0.609500E+00 -.282200E+00  -.571500E+00 0.609500E+00 0.000000E+00
 -.571500E+00 -.609500E+00 0.000000E+00  -.571500E+00 -.609500E+00 0.338700E+00
 -.571500E+00 -.406300E+00 0.000000E+00  -.571500E+00 -.406300E+00 0.169300E+00
 -.571500E+00 -.203200E+00 0.000000E+00  -.571500E+00 -.203200E+00 0.338700E+00
 -.571500E+00 0.000000E+00 0.000000E+00  -.571500E+00 0.000000E+00 0.338700E+00
 -.571500E+00 0.203200E+00 0.000000E+00  -.571500E+00 0.203200E+00 0.338700E+00
 -.571500E+00 0.406300E+00 0.000000E+00  -.571500E+00 0.406300E+00 0.169300E+00
 -.571500E+00 0.609500E+00 0.000000E+00  -.571500E+00 0.609500E+00 0.282200E+00
 -.571500E+00 -.609500E+00 0.338700E+00  -.571500E+00 -.609500E+00 0.677300E+00
 -.571500E+00 -.406300E+00 0.338700E+00  -.571500E+00 -.406300E+00 0.677300E+00
 -.571500E+00 -.203200E+00 0.338700E+00  -.571500E+00 -.203200E+00 0.508000E+00
 -.571500E+00 0.000000E+00 0.338700E+00  -.571500E+00 0.000000E+00 0.508000E+00
 -.571500E+00 0.203200E+00 0.338700E+00  -.571500E+00 0.203200E+00 0.508000E+00
 -.571500E+00 0.406300E+00 0.338700E+00  -.571500E+00 0.406300E+00 0.677300E+00
 -.571500E+00 0.609500E+00 0.282200E+00  -.571500E+00 0.609500E+00 0.564400E+00
 -.571500E+00 -.609500E+00 0.677300E+00  -.571500E+00 -.609500E+00 0.101600E+01
 -.571500E+00 -.406300E+00 0.677300E+00  -.571500E+00 -.406300E+00 0.101600E+01
 -.571500E+00 -.203200E+00 0.677300E+00  -.571500E+00 -.203200E+00 0.101600E+01
 -.571500E+00 0.000000E+00 0.677300E+00  -.571500E+00 0.000000E+00 0.101600E+01
 -.571500E+00 0.203200E+00 0.677300E+00  -.571500E+00 0.203200E+00 0.846700E+00
 -.571500E+00 0.406300E+00 0.677300E+00  -.571500E+00 0.406300E+00 0.846700E+00
 -.571500E+00 0.609500E+00 0.564400E+00  -.571500E+00 0.609500E+00 0.846700E+00
 0.571500E+00 -.609500E+00 -.677300E+00  0.571500E+00 -.406300E+00 -.677300E+00
 0.571500E+00 -.406300E+00 -.677300E+00  0.571500E+00 -.203200E+00 -.677300E+00
 0.571500E+00 -.203200E+00 -.677300E+00  0.571500E+00 0.000000E+00 -.677300E+00
 0.571500E+00 0.000000E+00 -.677300E+00  0.571500E+00 0.203200E+00 -.677300E+00
 0.571500E+00 0.203200E+00 -.677300E+00  0.571500E+00 0.406300E+00 -.677300E+00
 0.571500E+00 0.406300E+00 -.677300E+00  0.571500E+00 0.609500E+00 -.564400E+00
 0.571500E+00 -.609500E+00 -.338700E+00  0.571500E+00 -.406300E+00 -.338700E+00
 0.571500E+00 -.406300E+00 -.338700E+00  0.571500E+00 -.203200E+00 -.338700E+00
 0.571500E+00 -.203200E+00 -.338700E+00  0.571500E+00 0.000000E+00 -.338700E+00
 0.571500E+00 0.000000E+00 -.338700E+00  0.571500E+00 0.203200E+00 -.338700E+00
 0.571500E+00 0.203200E+00 -.338700E+00  0.571500E+00 0.406300E+00 -.338700E+00
 0.571500E+00 0.406300E+00 -.338700E+00  0.571500E+00 0.609500E+00 -.282200E+00
 0.571500E+00 -.609500E+00 0.000000E+00  0.571500E+00 -.406300E+00 0.000000E+00
 0.571500E+00 -.406300E+00 0.000000E+00  0.571500E+00 -.203200E+00 0.000000E+00
 0.571500E+00 -.203200E+00 0.000000E+00  0.571500E+00 0.000000E+00 0.000000E+00
 0.571500E+00 0.000000E+00 0.000000E+00  0.571500E+00 0.203200E+00 0.000000E+00
 0.571500E+00 0.203200E+00 0.000000E+00  0.571500E+00 0.406300E+00 0.000000E+00
 0.571500E+00 0.406300E+00 0.000000E+00  0.571500E+00 0.609500E+00 0.000000E+00
 0.571500E+00 -.609500E+00 0.338700E+00  0.571500E+00 -.406300E+00 0.338700E+00
 0.571500E+00 -.406300E+00 0.338700E+00  0.571500E+00 -.203200E+00 0.338700E+00
 0.571500E+00 -.203200E+00 0.338700E+00  0.571500E+00 0.000000E+00 0.338700E+00
 0.571500E+00 0.000000E+00 0.338700E+00  0.571500E+00 0.203200E+00 0.338700E+00
 0.571500E+00 0.203200E+00 0.338700E+00  0.571500E+00 0.406300E+00 0.338700E+00
 0.571500E+00 0.406300E+00 0.338700E+00  0.571500E+00 0.609500E+00 0.282200E+00
 0.571500E+00 -.609500E+00 0.677300E+00  0.571500E+00 -.406300E+00 0.677300E+00
 0.571500E+00 -.406300E+00 0.677300E+00  0.571500E+00 -.203200E+00 0.677300E+00
 0.571500E+00 -.203200E+00 0.677300E+00  0.571500E+00 0.000000E+00 0.677300E+00
 0.571500E+00 0.000000E+00 0.677300E+00  0.571500E+00 0.203200E+00 0.677300E+00
 0.571500E+00 0.203200E+00 0.677300E+00  0.571500E+00 0.406300E+00 0.677300E+00
 0.571500E+00 0.406300E+00 0.677300E+00  0.571500E+00 0.609500E+00 0.564400E+00
 0.571500E+00 -.609500E+00 -.101600E+01  0.571500E+00 -.758000E+00 -.101600E+01
 0.571500E+00 -.406300E+00 -.101600E+01  0.571500E+00 -.406300E+00 -.677300E+00
 0.571500E+00 -.203200E+00 -.101600E+01  0.571500E+00 -.203200E+00 -.677300E+00
 0.571500E+00 0.000000E+00 -.101600E+01  0.571500E+00 0.000000E+00 -.677300E+00
 0.571500E+00 0.203200E+00 -.101600E+01  0.571500E+00 0.203200E+00 -.677300E+00
 0.571500E+00 0.406300E+00 -.101600E+01  0.571500E+00 0.406300E+00 -.677300E+00
 0.571500E+00 0.609500E+00 -.846700E+00  0.571500E+00 0.609500E+00 -.564400E+00
 0.571500E+00 -.609500E+00 -.677300E+00  0.571500E+00 -.609500E+00 -.338700E+00
 0.571500E+00 -.406300E+00 -.677300E+00  0.571500E+00 -.406300E+00 -.338700E+00
 0.571500E+00 -.203200E+00 -.677300E+00  0.571500E+00 -.203200E+00 -.338700E+00
 0.571500E+00 0.000000E+00 -.677300E+00  0.571500E+00 0.000000E+00 -.338700E+00
 0.571500E+00 0.203200E+00 -.677300E+00  0.571500E+00 0.203200E+00 -.338700E+00
 0.571500E+00 0.406300E+00 -.677300E+00  0.571500E+00 0.406300E+00 -.338700E+00
 0.571500E+00 0.609500E+00 -.564400E+00  0.571500E+00 0.609500E+00 -.282200E+00
 0.571500E+00 -.609500E+00 -.338700E+00  0.571500E+00 -.609500E+00 0.000000E+00
 0.571500E+00 -.406300E+00 -.338700E+00  0.571500E+00 -.406300E+00 0.000000E+00
 0.571500E+00 -.203200E+00 -.338700E+00  0.571500E+00 -.203200E+00 0.000000E+00
 0.571500E+00 0.000000E+00 -.338700E+00  0.571500E+00 0.000000E+00 0.000000E+00
 0.571500E+00 0.203200E+00 -.338700E+00  0.571500E+00 0.203200E+00 0.000000E+00
 0.571500E+00 0.406300E+00 -.338700E+00  0.571500E+00 0.406300E+00 0.000000E+00
 0.571500E+00 0.609500E+00 -.282200E+00  0.571500E+00 0.609500E+00 -.141100E+00
 0.571500E+00 -.609500E+00 0.000000E+00  0.571500E+00 -.609500E+00 0.338700E+00
 0.571500E+00 -.406300E+00 0.000000E+00  0.571500E+00 -.406300E+00 0.338700E+00
 0.571500E+00 -.203200E+00 0.000000E+00  0.571500E+00 -.203200E+00 0.338700E+00
 0.571500E+00 0.000000E+00 0.000000E+00  0.571500E+00 0.000000E+00 0.338700E+00
 0.571500E+00 0.203200E+00 0.000000E+00  0.571500E+00 0.203200E+00 0.338700E+00
 0.571500E+00 0.406300E+00 0.000000E+00  0.571500E+00 0.406300E+00 0.338700E+00
 0.571500E+00 0.609500E+00 0.000000E+00  0.571500E+00 0.609500E+00 0.141100E+00
 0.571500E+00 -.609500E+00 0.338700E+00  0.571500E+00 -.609500E+00 0.508000E+00
 0.571500E+00 -.406300E+00 0.338700E+00  0.571500E+00 -.406300E+00 0.677300E+00
 0.571500E+00 -.203200E+00 0.338700E+00  0.571500E+00 -.203200E+00 0.677300E+00
 0.571500E+00 0.000000E+00 0.338700E+00  0.571500E+00 0.000000E+00 0.677300E+00
 0.571500E+00 0.203200E+00 0.338700E+00  0.571500E+00 0.203200E+00 0.677300E+00
 0.571500E+00 0.406300E+00 0.338700E+00  0.571500E+00 0.406300E+00 0.677300E+00
 0.571500E+00 0.609500E+00 0.282200E+00  0.571500E+00 0.609500E+00 0.564400E+00
 0.571500E+00 -.609500E+00 0.677300E+00  0.571500E+00 -.609500E+00 0.846700E+00
 0.571500E+00 -.406300E+00 0.677300E+00  0.571500E+00 -.406300E+00 0.101600E+01
 0.571500E+00 -.203200E+00 0.677300E+00  0.571500E+00 -.203200E+00 0.101600E+01
 0.571500E+00 0.000000E+00 0.677300E+00  0.571500E+00 0.000000E+00 0.101600E+01
 0.571500E+00 0.203200E+00 0.677300E+00  0.571500E+00 0.203200E+00 0.101600E+01
 0.571500E+00 0.406300E+00 0.677300E+00  0.571500E+00 0.406300E+00 0.101600E+01
 0.571500E+00 0.609500E+00 0.564400E+00  0.571500E+00 0.609500E+00 0.846700E+00
 -.381000E+00 -.609500E+00 -.101600E+01  -.381000E+00 -.758000E+00 -.101600E+01
 -.381000E+00 -.609500E+00 -.677300E+00  -.381000E+00 -.609500E+00 -.338700E+00
 -.381000E+00 -.609500E+00 -.338700E+00  -.381000E+00 -.609500E+00 0.000000E+00
 -.381000E+00 -.609500E+00 0.000000E+00  -.381000E+00 -.609500E+00 0.338700E+00
 -.381000E+00 -.609500E+00 0.338700E+00  -.381000E+00 -.609500E+00 0.677300E+00
 -.381000E+00 -.609500E+00 0.677300E+00  -.381000E+00 -.609500E+00 0.101600E+01
 -.190500E+00 -.609500E+00 -.101600E+01  -.190500E+00 -.758000E+00 -.101600E+01
 -.190500E+00 -.609500E+00 -.677300E+00  -.190500E+00 -.609500E+00 -.338700E+00
 -.190500E+00 -.609500E+00 -.338700E+00  -.190500E+00 -.609500E+00 0.000000E+00
 -.190500E+00 -.609500E+00 0.000000E+00  -.190500E+00 -.609500E+00 0.338700E+00
 -.190500E+00 -.609500E+00 0.338700E+00  -.190500E+00 -.609500E+00 0.677300E+00
 -.190500E+00 -.609500E+00 0.677300E+00  -.190500E+00 -.609500E+00 0.101600E+01
 0.000000E+00 -.609500E+00 -.101600E+01  0.000000E+00 -.758000E+00 -.101600E+01
 0.000000E+00 -.609500E+00 -.677300E+00  0.000000E+00 -.609500E+00 -.338700E+00
 0.000000E+00 -.609500E+00 -.338700E+00  0.000000E+00 -.609500E+00 0.000000E+00
 0.000000E+00 -.609500E+00 0.000000E+00  0.000000E+00 -.609500E+00 0.338700E+00
 0.000000E+00 -.609500E+00 0.338700E+00  0.000000E+00 -.609500E+00 0.677300E+00
 0.000000E+00 -.609500E+00 0.677300E+00  0.000000E+00 -.609500E+00 0.101600E+01
 0.190500E+00 -.609500E+00 -.101600E+01  0.190500E+00 -.758000E+00 -.101600E+01
 0.190500E+00 -.609500E+00 -.677300E+00  0.190500E+00 -.609500E+00 -.338700E+00
 0.190500E+00 -.609500E+00 -.338700E+00  0.190500E+00 -.609500E+00 0.000000E+00
 0.190500E+00 -.609500E+00 0.000000E+00  0.190500E+00 -.609500E+00 0.338700E+00
 0.190500E+00 -.609500E+00 0.338700E+00  0.190500E+00 -.609500E+00 0.677300E+00
 0.190500E+00 -.609500E+00 0.677300E+00  0.190500E+00 -.609500E+00 0.101600E+01
 0.381000E+00 -.609500E+00 -.101600E+01  0.381000E+00 -.758000E+00 -.101600E+01
 0.381000E+00 -.609500E+00 -.677300E+00  0.381000E+00 -.609500E+00 -.338700E+00
 0.381000E+00 -.609500E+00 -.338700E+00  0.381000E+00 -.609500E+00 0.000000E+00
 0.381000E+00 -.609500E+00 0.000000E+00  0.381000E+00 -.609500E+00 0.338700E+00
 0.381000E+00 -.609500E+00 0.338700E+00  0.381000E+00 -.609500E+00 0.677300E+00
 0.381000E+00 -.609500E+00 0.677300E+00  0.381000E+00 -.609500E+00 0.101600E+01
 -.571500E+00 -.609500E+00 -.677300E+00  -.381000E+00 -.609500E+00 -.677300E+00
 -.571500E+00 -.609500E+00 -.338700E+00  -.381000E+00 -.609500E+00 -.338700E+00
 -.571500E+00 -.609500E+00 0.000000E+00  -.381000E+00 -.609500E+00 0.000000E+00
 -.571500E+00 -.609500E+00 0.338700E+00  -.381000E+00 -.609500E+00 0.338700E+00
 -.571500E+00 -.609500E+00 0.677300E+00  -.381000E+00 -.609500E+00 0.677300E+00
 -.381000E+00 -.609500E+00 -.677300E+00  -.190500E+00 -.609500E+00 -.677300E+00
 -.381000E+00 -.609500E+00 -.338700E+00  -.190500E+00 -.609500E+00 -.338700E+00
 -.381000E+00 -.609500E+00 0.000000E+00  -.190500E+00 -.609500E+00 0.000000E+00
 -.381000E+00 -.609500E+00 0.338700E+00  -.190500E+00 -.609500E+00 0.338700E+00
 -.381000E+00 -.609500E+00 0.677300E+00  -.190500E+00 -.609500E+00 0.677300E+00
 -.190500E+00 -.609500E+00 -.677300E+00  0.000000E+00 -.609500E+00 -.677300E+00
 -.190500E+00 -.609500E+00 -.338700E+00  0.000000E+00 -.609500E+00 -.338700E+00
 -.190500E+00 -.609500E+00 0.000000E+00  0.000000E+00 -.609500E+00 0.000000E+00
 -.190500E+00 -.609500E+00 0.338700E+00  0.000000E+00 -.609500E+00 0.338700E+00
 -.190500E+00 -.609500E+00 0.677300E+00  0.000000E+00 -.609500E+00 0.677300E+00
 0.000000E+00 -.609500E+00 -.677300E+00  0.190500E+00 -.609500E+00 -.677300E+00
 0.000000E+00 -.609500E+00 -.338700E+00  0.190500E+00 -.609500E+00 -.338700E+00
 0.000000E+00 -.609500E+00 0.000000E+00  0.190500E+00 -.609500E+00 0.000000E+00
 0.000000E+00 -.609500E+00 0.338700E+00  0.190500E+00 -.609500E+00 0.338700E+00
 0.000000E+00 -.609500E+00 0.677300E+00  0.190500E+00 -.609500E+00 0.677300E+00
 0.190500E+00 -.609500E+00 -.677300E+00  0.381000E+00 -.609500E+00 -.677300E+00
 0.190500E+00 -.609500E+00 -.338700E+00  0.381000E+00 -.609500E+00 -.338700E+00
 0.190500E+00 -.609500E+00 0.000000E+00  0.381000E+00 -.609500E+00 0.000000E+00
 0.190500E+00 -.609500E+00 0.338700E+00  0.381000E+00 -.609500E+00 0.338700E+00
 0.190500E+00 -.609500E+00 0.677300E+00  0.381000E+00 -.609500E+00 0.677300E+00
 0.381000E+00 -.609500E+00 -.677300E+00  0.571500E+00 -.609500E+00 -.677300E+00
 0.381000E+00 -.609500E+00 -.338700E+00  0.571500E+00 -.609500E+00 -.338700E+00
 0.381000E+00 -.609500E+00 0.000000E+00  0.571500E+00 -.609500E+00 0.000000E+00
 0.381000E+00 -.609500E+00 0.338700E+00  0.571500E+00 -.609500E+00 0.338700E+00
 0.381000E+00 -.609500E+00 0.677300E+00  0.571500E+00 -.609500E+00 0.677300E+00
 -.381000E+00 0.609500E+00 -.846700E+00  -.381000E+00 0.609500E+00 -.564400E+00
 -.381000E+00 0.609500E+00 -.564400E+00  -.381000E+00 0.609500E+00 -.282200E+00
 -.381000E+00 0.609500E+00 -.282200E+00  -.381000E+00 0.609500E+00 0.000000E+00
 -.381000E+00 0.609500E+00 0.000000E+00  -.381000E+00 0.609500E+00 0.282200E+00
 -.381000E+00 0.609500E+00 0.282200E+00  -.381000E+00 0.609500E+00 0.564400E+00
 -.381000E+00 0.609500E+00 0.564400E+00  -.381000E+00 0.609500E+00 0.846700E+00
 -.190500E+00 0.609500E+00 -.846700E+00  -.190500E+00 0.609500E+00 -.564400E+00
 -.190500E+00 0.609500E+00 -.564400E+00  -.190500E+00 0.609500E+00 -.282200E+00
 -.190500E+00 0.609500E+00 -.282200E+00  -.190500E+00 0.609500E+00 0.000000E+00
 -.190500E+00 0.609500E+00 0.000000E+00  -.190500E+00 0.609500E+00 0.282200E+00
 -.190500E+00 0.609500E+00 0.282200E+00  -.190500E+00 0.609500E+00 0.564400E+00
 -.190500E+00 0.609500E+00 0.564400E+00  -.190500E+00 0.609500E+00 0.846700E+00
 0.000000E+00 0.609500E+00 -.846700E+00  0.000000E+00 0.609500E+00 -.564400E+00
 0.000000E+00 0.609500E+00 -.564400E+00  0.000000E+00 0.609500E+00 -.282200E+00
 0.000000E+00 0.609500E+00 -.282200E+00  0.000000E+00 0.609500E+00 0.000000E+00
 0.000000E+00 0.609500E+00 0.000000E+00  0.000000E+00 0.609500E+00 0.282200E+00
 0.000000E+00 0.609500E+00 0.282200E+00  0.000000E+00 0.609500E+00 0.564400E+00
 0.000000E+00 0.609500E+00 0.564400E+00  0.000000E+00 0.609500E+00 0.846700E+00
 0.190500E+00 0.609500E+00 -.846700E+00  0.190500E+00 0.609500E+00 -.564400E+00
 0.190500E+00 0.609500E+00 -.564400E+00  0.190500E+00 0.609500E+00 -.282200E+00
 0.190500E+00 0.609500E+00 -.282200E+00  0.190500E+00 0.609500E+00 0.000000E+00
 0.190500E+00 0.609500E+00 0.000000E+00  0.190500E+00 0.609500E+00 0.282200E+00
 0.190500E+00 0.609500E+00 0.282200E+00  0.190500E+00 0.609500E+00 0.564400E+00
 0.190500E+00 0.609500E+00 0.564400E+00  0.190500E+00 0.609500E+00 0.846700E+00
 0.381000E+00 0.609500E+00 -.846700E+00  0.381000E+00 0.609500E+00 -.564400E+00
 0.381000E+00 0.609500E+00 -.564400E+00  0.381000E+00 0.609500E+00 -.282200E+00
 0.381000E+00 0.609500E+00 -.282200E+00  0.381000E+00 0.609500E+00 0.000000E+00
 0.381000E+00 0.609500E+00 0.000000E+00  0.381000E+00 0.609500E+00 0.282200E+00
 0.381000E+00 0.609500E+00 0.282200E+00  0.381000E+00 0.609500E+00 0.564400E+00
 0.381000E+00 0.609500E+00 0.564400E+00  0.381000E+00 0.609500E+00 0.846700E+00
 -.571500E+00 0.609500E+00 -.564400E+00  -.381000E+00 0.609500E+00 -.564400E+00
 -.571500E+00 0.609500E+00 -.282200E+00  -.381000E+00 0.609500E+00 -.282200E+00
 -.571500E+00 0.609500E+00 0.000000E+00  -.381000E+00 0.609500E+00 0.000000E+00
 -.571500E+00 0.609500E+00 0.282200E+00  -.381000E+00 0.609500E+00 0.282200E+00
 -.571500E+00 0.609500E+00 0.564400E+00  -.381000E+00 0.609500E+00 0.564400E+00
 -.381000E+00 0.609500E+00 -.564400E+00  -.190500E+00 0.609500E+00 -.564400E+00
 -.381000E+00 0.609500E+00 -.282200E+00  -.190500E+00 0.609500E+00 -.282200E+00
 -.381000E+00 0.609500E+00 0.000000E+00  -.190500E+00 0.609500E+00 0.000000E+00
 -.381000E+00 0.609500E+00 0.282200E+00  -.190500E+00 0.609500E+00 0.282200E+00
 -.381000E+00 0.609500E+00 0.564400E+00  -.190500E+00 0.609500E+00 0.564400E+00
 -.190500E+00 0.609500E+00 -.564400E+00  0.000000E+00 0.609500E+00 -.564400E+00
 -.190500E+00 0.609500E+00 -.282200E+00  0.000000E+00 0.609500E+00 -.282200E+00
 -.190500E+00 0.609500E+00 0.000000E+00  0.000000E+00 0.609500E+00 0.000000E+00
 -.190500E+00 0.609500E+00 0.282200E+00  0.000000E+00 0.609500E+00 0.282200E+00
 -.190500E+00 0.609500E+00 0.564400E+00  0.000000E+00 0.609500E+00 0.564400E+00
 0.000000E+00 0.609500E+00 -.564400E+00  0.190500E+00 0.609500E+00 -.564400E+00
 0.000000E+00 0.609500E+00 -.282200E+00  0.190500E+00 0.609500E+00 -.282200E+00
 0.000000E+00 0.609500E+00 0.000000E+00  0.190500E+00 0.609500E+00 0.000000E+00
 0.000000E+00 0.609500E+00 0.282200E+00  0.190500E+00 0.609500E+00 0.282200E+00
 0.000000E+00 0.609500E+00 0.564400E+00  0.190500E+00 0.609500E+00 0.564400E+00
 0.190500E+00 0.609500E+00 -.564400E+00  0.381000E+00 0.609500E+00 -.564400E+00
 0.190500E+00 0.609500E+00 -.282200E+00  0.381000E+00 0.609500E+00 -.282200E+00
 0.190500E+00 0.609500E+00 0.000000E+00  0.381000E+00 0.609500E+00 0.000000E+00
 0.190500E+00 0.609500E+00 0.282200E+00  0.381000E+00 0.609500E+00 0.282200E+00
 0.190500E+00 0.609500E+00 0.564400E+00  0.381000E+00 0.609500E+00 0.564400E+00
 0.381000E+00 0.609500E+00 -.564400E+00  0.571500E+00 0.609500E+00 -.564400E+00
 0.381000E+00 0.609500E+00 -.282200E+00  0.571500E+00 0.609500E+00 -.282200E+00
 0.381000E+00 0.609500E+00 0.000000E+00  0.571500E+00 0.609500E+00 0.000000E+00
 0.381000E+00 0.609500E+00 0.282200E+00  0.571500E+00 0.609500E+00 0.282200E+00
 0.381000E+00 0.609500E+00 0.564400E+00  0.571500E+00 0.609500E+00 0.564400E+00
 0.571500E+00 -.609500E+00 0.846700E+00  0.571500E+00 -.609500E+00 0.101600E+01
 0.571500E+00 -.609500E+00 0.508000E+00  0.571500E+00 -.609500E+00 0.677300E+00
 0.571500E+00 0.609500E+00 0.141100E+00  0.571500E+00 0.609500E+00 0.282200E+00
 0.571500E+00 0.609500E+00 -.141100E+00  0.571500E+00 0.609500E+00 0.000000E+00
 0.651500E+00 -.979300E+00 0.356400E+00  0.651500E+00 -.661600E+00 0.356400E+00
 0.651500E+00 -.129700E+01 0.356400E+00  0.651500E+00 -.979300E+00 0.356400E+00
 0.651500E+00 -.161470E+01 0.356400E+00  0.651500E+00 -.129700E+01 0.356400E+00
 0.651500E+00 -.193240E+01 0.356400E+00  0.651500E+00 -.161470E+01 0.356400E+00
 0.651500E+00 -.225010E+01 0.356400E+00  0.651500E+00 -.193240E+01 0.356400E+00
 0.651500E+00 -.256790E+01 0.356400E+00  0.651500E+00 -.225010E+01 0.356400E+00
 0.651500E+00 -.288560E+01 0.356400E+00  0.651500E+00 -.256790E+01 0.356400E+00
 0.651500E+00 -.320330E+01 0.356400E+00  0.651500E+00 -.288560E+01 0.356400E+00
 0.651500E+00 -.979300E+00 0.479700E+00  0.651500E+00 -.661600E+00 0.479700E+00
 0.651500E+00 -.129700E+01 0.479700E+00  0.651500E+00 -.979300E+00 0.479700E+00
 0.651500E+00 -.161470E+01 0.479700E+00  0.651500E+00 -.129700E+01 0.479700E+00
 0.651500E+00 -.193240E+01 0.479700E+00  0.651500E+00 -.161470E+01 0.479700E+00
 0.651500E+00 -.225010E+01 0.479700E+00  0.651500E+00 -.193240E+01 0.479700E+00
 0.651500E+00 -.256790E+01 0.479700E+00  0.651500E+00 -.225010E+01 0.479700E+00
 0.651500E+00 -.288560E+01 0.479700E+00  0.651500E+00 -.256790E+01 0.479700E+00
 0.651500E+00 -.320330E+01 0.479700E+00  0.651500E+00 -.288560E+01 0.479700E+00
 0.651500E+00 -.979300E+00 0.603000E+00  0.651500E+00 -.661600E+00 0.603000E+00
 0.651500E+00 -.129700E+01 0.603000E+00  0.651500E+00 -.979300E+00 0.603000E+00
 0.651500E+00 -.161470E+01 0.603000E+00  0.651500E+00 -.129700E+01 0.603000E+00
 0.651500E+00 -.193240E+01 0.603000E+00  0.651500E+00 -.161470E+01 0.603000E+00
 0.651500E+00 -.225010E+01 0.603000E+00  0.651500E+00 -.193240E+01 0.603000E+00
 0.651500E+00 -.256790E+01 0.603000E+00  0.651500E+00 -.225010E+01 0.603000E+00
 0.651500E+00 -.288560E+01 0.603000E+00  0.651500E+00 -.256790E+01 0.603000E+00
 0.651500E+00 -.320330E+01 0.603000E+00  0.651500E+00 -.288560E+01 0.603000E+00
 0.651500E+00 -.979300E+00 0.726200E+00  0.651500E+00 -.661600E+00 0.726200E+00
 0.651500E+00 -.129700E+01 0.726200E+00  0.651500E+00 -.979300E+00 0.726200E+00
 0.651500E+00 -.161470E+01 0.726200E+00  0.651500E+00 -.129700E+01 0.726200E+00
 0.651500E+00 -.193240E+01 0.726200E+00  0.651500E+00 -.161470E+01 0.726200E+00
 0.651500E+00 -.225010E+01 0.726200E+00  0.651500E+00 -.193240E+01 0.726200E+00
 0.651500E+00 -.256790E+01 0.726200E+00  0.651500E+00 -.225010E+01 0.726200E+00
 0.651500E+00 -.288560E+01 0.726200E+00  0.651500E+00 -.256790E+01 0.726200E+00
 0.651500E+00 -.320330E+01 0.726200E+00  0.651500E+00 -.288560E+01 0.726200E+00
 0.651500E+00 -.979300E+00 0.849500E+00  0.651500E+00 -.661600E+00 0.849500E+00
 0.651500E+00 -.129700E+01 0.849500E+00  0.651500E+00 -.979300E+00 0.849500E+00
 0.651500E+00 -.161470E+01 0.849500E+00  0.651500E+00 -.129700E+01 0.849500E+00
 0.651500E+00 -.193240E+01 0.849500E+00  0.651500E+00 -.161470E+01 0.849500E+00
 0.651500E+00 -.225010E+01 0.849500E+00  0.651500E+00 -.193240E+01 0.849500E+00
 0.651500E+00 -.256790E+01 0.849500E+00  0.651500E+00 -.225010E+01 0.849500E+00
 0.651500E+00 -.288560E+01 0.849500E+00  0.651500E+00 -.256790E+01 0.849500E+00
 0.651500E+00 -.320330E+01 0.849500E+00  0.651500E+00 -.288560E+01 0.849500E+00
 0.651500E+00 -.979300E+00 0.972700E+00  0.651500E+00 -.661600E+00 0.972700E+00
 0.651500E+00 -.129700E+01 0.972700E+00  0.651500E+00 -.979300E+00 0.972700E+00
 0.651500E+00 -.161470E+01 0.972700E+00  0.651500E+00 -.129700E+01 0.972700E+00
 0.651500E+00 -.193240E+01 0.972700E+00  0.651500E+00 -.161470E+01 0.972700E+00
 0.651500E+00 -.225010E+01 0.972700E+00  0.651500E+00 -.193240E+01 0.972700E+00
 0.651500E+00 -.256790E+01 0.972700E+00  0.651500E+00 -.225010E+01 0.972700E+00
 0.651500E+00 -.288560E+01 0.972700E+00  0.651500E+00 -.256790E+01 0.972700E+00
 0.651500E+00 -.320330E+01 0.972700E+00  0.651500E+00 -.288560E+01 0.972700E+00
 0.651500E+00 -.979300E+00 0.109600E+01  0.651500E+00 -.661600E+00 0.109600E+01
 0.651500E+00 -.129700E+01 0.109600E+01  0.651500E+00 -.979300E+00 0.109600E+01
 0.651500E+00 -.161470E+01 0.109600E+01  0.651500E+00 -.129700E+01 0.109600E+01
 0.651500E+00 -.193240E+01 0.109600E+01  0.651500E+00 -.161470E+01 0.109600E+01
 0.651500E+00 -.225010E+01 0.109600E+01  0.651500E+00 -.193240E+01 0.109600E+01
 0.651500E+00 -.256790E+01 0.109600E+01  0.651500E+00 -.225010E+01 0.109600E+01
 0.651500E+00 -.288560E+01 0.109600E+01  0.651500E+00 -.256790E+01 0.109600E+01
 0.651500E+00 -.320330E+01 0.109600E+01  0.651500E+00 -.288560E+01 0.109600E+01
 0.651500E+00 -.661600E+00 0.479700E+00  0.651500E+00 -.661600E+00 0.356400E+00
 0.651500E+00 -.979300E+00 0.479700E+00  0.651500E+00 -.979300E+00 0.356400E+00
 0.651500E+00 -.129700E+01 0.479700E+00  0.651500E+00 -.129700E+01 0.356400E+00
 0.651500E+00 -.161470E+01 0.479700E+00  0.651500E+00 -.161470E+01 0.356400E+00
 0.651500E+00 -.193240E+01 0.479700E+00  0.651500E+00 -.193240E+01 0.356400E+00
 0.651500E+00 -.225010E+01 0.479700E+00  0.651500E+00 -.225010E+01 0.356400E+00
 0.651500E+00 -.256790E+01 0.479700E+00  0.651500E+00 -.256790E+01 0.356400E+00
 0.651500E+00 -.288560E+01 0.479700E+00  0.651500E+00 -.288560E+01 0.356400E+00
 0.651500E+00 -.320330E+01 0.479700E+00  0.651500E+00 -.320330E+01 0.356400E+00
 0.651500E+00 -.661600E+00 0.603000E+00  0.651500E+00 -.661600E+00 0.479700E+00
 0.651500E+00 -.979300E+00 0.603000E+00  0.651500E+00 -.979300E+00 0.479700E+00
 0.651500E+00 -.129700E+01 0.603000E+00  0.651500E+00 -.129700E+01 0.479700E+00
 0.651500E+00 -.161470E+01 0.603000E+00  0.651500E+00 -.161470E+01 0.479700E+00
 0.651500E+00 -.193240E+01 0.603000E+00  0.651500E+00 -.193240E+01 0.479700E+00
 0.651500E+00 -.225010E+01 0.603000E+00  0.651500E+00 -.225010E+01 0.479700E+00
 0.651500E+00 -.256790E+01 0.603000E+00  0.651500E+00 -.256790E+01 0.479700E+00
 0.651500E+00 -.288560E+01 0.603000E+00  0.651500E+00 -.288560E+01 0.479700E+00
 0.651500E+00 -.320330E+01 0.603000E+00  0.651500E+00 -.320330E+01 0.479700E+00
 0.651500E+00 -.661600E+00 0.726200E+00  0.651500E+00 -.661600E+00 0.603000E+00
 0.651500E+00 -.979300E+00 0.726200E+00  0.651500E+00 -.979300E+00 0.603000E+00
 0.651500E+00 -.129700E+01 0.726200E+00  0.651500E+00 -.129700E+01 0.603000E+00
 0.651500E+00 -.161470E+01 0.726200E+00  0.651500E+00 -.161470E+01 0.603000E+00
 0.651500E+00 -.193240E+01 0.726200E+00  0.651500E+00 -.193240E+01 0.603000E+00
 0.651500E+00 -.225010E+01 0.726200E+00  0.651500E+00 -.225010E+01 0.603000E+00
 0.651500E+00 -.256790E+01 0.726200E+00  0.651500E+00 -.256790E+01 0.603000E+00
 0.651500E+00 -.288560E+01 0.726200E+00  0.651500E+00 -.288560E+01 0.603000E+00
 0.651500E+00 -.320330E+01 0.726200E+00  0.651500E+00 -.320330E+01 0.603000E+00
 0.651500E+00 -.661600E+00 0.849500E+00  0.651500E+00 -.661600E+00 0.726200E+00
 0.651500E+00 -.979300E+00 0.849500E+00  0.651500E+00 -.979300E+00 0.726200E+00
 0.651500E+00 -.129700E+01 0.849500E+00  0.651500E+00 -.129700E+01 0.726200E+00
 0.651500E+00 -.161470E+01 0.849500E+00  0.651500E+00 -.161470E+01 0.726200E+00
 0.651500E+00 -.193240E+01 0.849500E+00  0.651500E+00 -.193240E+01 0.726200E+00
 0.651500E+00 -.225010E+01 0.849500E+00  0.651500E+00 -.225010E+01 0.726200E+00
 0.651500E+00 -.256790E+01 0.849500E+00  0.651500E+00 -.256790E+01 0.726200E+00
 0.651500E+00 -.288560E+01 0.849500E+00  0.651500E+00 -.288560E+01 0.726200E+00
 0.651500E+00 -.320330E+01 0.849500E+00  0.651500E+00 -.320330E+01 0.726200E+00
 0.651500E+00 -.661600E+00 0.972700E+00  0.651500E+00 -.661600E+00 0.849500E+00
 0.651500E+00 -.979300E+00 0.972700E+00  0.651500E+00 -.979300E+00 0.849500E+00
 0.651500E+00 -.129700E+01 0.972700E+00  0.651500E+00 -.129700E+01 0.849500E+00
 0.651500E+00 -.161470E+01 0.972700E+00  0.651500E+00 -.161470E+01 0.849500E+00
 0.651500E+00 -.193240E+01 0.972700E+00  0.651500E+00 -.193240E+01 0.849500E+00
 0.651500E+00 -.225010E+01 0.972700E+00  0.651500E+00 -.225010E+01 0.849500E+00
 0.651500E+00 -.256790E+01 0.972700E+00  0.651500E+00 -.256790E+01 0.849500E+00
 0.651500E+00 -.288560E+01 0.972700E+00  0.651500E+00 -.288560E+01 0.849500E+00
 0.651500E+00 -.320330E+01 0.972700E+00  0.651500E+00 -.320330E+01 0.849500E+00
 0.651500E+00 -.661600E+00 0.109600E+01  0.651500E+00 -.661600E+00 0.972700E+00
 0.651500E+00 -.979300E+00 0.109600E+01  0.651500E+00 -.979300E+00 0.972700E+00
 0.651500E+00 -.129700E+01 0.109600E+01  0.651500E+00 -.129700E+01 0.972700E+00
 0.651500E+00 -.161470E+01 0.109600E+01  0.651500E+00 -.161470E+01 0.972700E+00
 0.651500E+00 -.193240E+01 0.109600E+01  0.651500E+00 -.193240E+01 0.972700E+00
 0.651500E+00 -.225010E+01 0.109600E+01  0.651500E+00 -.225010E+01 0.972700E+00
 0.651500E+00 -.256790E+01 0.109600E+01  0.651500E+00 -.256790E+01 0.972700E+00
 0.651500E+00 -.288560E+01 0.109600E+01  0.651500E+00 -.288560E+01 0.972700E+00
 0.651500E+00 -.320330E+01 0.109600E+01  0.651500E+00 -.320330E+01 0.972700E+00
 0.651500E+00 0.661600E+00 -.373600E+00  0.651500E+00 0.979300E+00 -.373600E+00
 0.651500E+00 0.979300E+00 -.373600E+00  0.651500E+00 0.129700E+01 -.373600E+00
 0.651500E+00 0.129700E+01 -.373600E+00  0.651500E+00 0.161470E+01 -.373600E+00
 0.651500E+00 0.161470E+01 -.373600E+00  0.651500E+00 0.193240E+01 -.373600E+00
 0.651500E+00 0.193240E+01 -.373600E+00  0.651500E+00 0.225010E+01 -.373600E+00
 0.651500E+00 0.225010E+01 -.373600E+00  0.651500E+00 0.256790E+01 -.373600E+00
 0.651500E+00 0.256790E+01 -.373600E+00  0.651500E+00 0.288560E+01 -.373600E+00
 0.651500E+00 0.288560E+01 -.373600E+00  0.651500E+00 0.320330E+01 -.373600E+00
 0.651500E+00 0.661600E+00 -.250300E+00  0.651500E+00 0.979300E+00 -.250300E+00
 0.651500E+00 0.979300E+00 -.250300E+00  0.651500E+00 0.129700E+01 -.250300E+00
 0.651500E+00 0.129700E+01 -.250300E+00  0.651500E+00 0.161470E+01 -.250300E+00
 0.651500E+00 0.161470E+01 -.250300E+00  0.651500E+00 0.193240E+01 -.250300E+00
 0.651500E+00 0.193240E+01 -.250300E+00  0.651500E+00 0.225010E+01 -.250300E+00
 0.651500E+00 0.225010E+01 -.250300E+00  0.651500E+00 0.256790E+01 -.250300E+00
 0.651500E+00 0.256790E+01 -.250300E+00  0.651500E+00 0.288560E+01 -.250300E+00
 0.651500E+00 0.288560E+01 -.250300E+00  0.651500E+00 0.320330E+01 -.250300E+00
 0.651500E+00 0.661600E+00 -.127000E+00  0.651500E+00 0.979300E+00 -.127000E+00
 0.651500E+00 0.979300E+00 -.127000E+00  0.651500E+00 0.129700E+01 -.127000E+00
 0.651500E+00 0.129700E+01 -.127000E+00  0.651500E+00 0.161470E+01 -.127000E+00
 0.651500E+00 0.161470E+01 -.127000E+00  0.651500E+00 0.193240E+01 -.127000E+00
 0.651500E+00 0.193240E+01 -.127000E+00  0.651500E+00 0.225010E+01 -.127000E+00
 0.651500E+00 0.225010E+01 -.127000E+00  0.651500E+00 0.256790E+01 -.127000E+00
 0.651500E+00 0.256790E+01 -.127000E+00  0.651500E+00 0.288560E+01 -.127000E+00
 0.651500E+00 0.288560E+01 -.127000E+00  0.651500E+00 0.320330E+01 -.127000E+00
 0.651500E+00 0.661600E+00 -.380000E-02  0.651500E+00 0.979300E+00 -.380000E-02
 0.651500E+00 0.979300E+00 -.380000E-02  0.651500E+00 0.129700E+01 -.380000E-02
 0.651500E+00 0.129700E+01 -.380000E-02  0.651500E+00 0.161470E+01 -.380000E-02
 0.651500E+00 0.161470E+01 -.380000E-02  0.651500E+00 0.193240E+01 -.380000E-02
 0.651500E+00 0.193240E+01 -.380000E-02  0.651500E+00 0.225010E+01 -.380000E-02
 0.651500E+00 0.225010E+01 -.380000E-02  0.651500E+00 0.256790E+01 -.380000E-02
 0.651500E+00 0.256790E+01 -.380000E-02  0.651500E+00 0.288560E+01 -.380000E-02
 0.651500E+00 0.288560E+01 -.380000E-02  0.651500E+00 0.320330E+01 -.380000E-02
 0.651500E+00 0.661600E+00 0.119500E+00  0.651500E+00 0.979300E+00 0.119500E+00
 0.651500E+00 0.979300E+00 0.119500E+00  0.651500E+00 0.129700E+01 0.119500E+00
 0.651500E+00 0.129700E+01 0.119500E+00  0.651500E+00 0.161470E+01 0.119500E+00
 0.651500E+00 0.161470E+01 0.119500E+00  0.651500E+00 0.193240E+01 0.119500E+00
 0.651500E+00 0.193240E+01 0.119500E+00  0.651500E+00 0.225010E+01 0.119500E+00
 0.651500E+00 0.225010E+01 0.119500E+00  0.651500E+00 0.256790E+01 0.119500E+00
 0.651500E+00 0.256790E+01 0.119500E+00  0.651500E+00 0.288560E+01 0.119500E+00
 0.651500E+00 0.288560E+01 0.119500E+00  0.651500E+00 0.320330E+01 0.119500E+00
 0.651500E+00 0.661600E+00 0.242700E+00  0.651500E+00 0.979300E+00 0.242700E+00
 0.651500E+00 0.979300E+00 0.242700E+00  0.651500E+00 0.129700E+01 0.242700E+00
 0.651500E+00 0.129700E+01 0.242700E+00  0.651500E+00 0.161470E+01 0.242700E+00
 0.651500E+00 0.161470E+01 0.242700E+00  0.651500E+00 0.193240E+01 0.242700E+00
 0.651500E+00 0.193240E+01 0.242700E+00  0.651500E+00 0.225010E+01 0.242700E+00
 0.651500E+00 0.225010E+01 0.242700E+00  0.651500E+00 0.256790E+01 0.242700E+00
 0.651500E+00 0.256790E+01 0.242700E+00  0.651500E+00 0.288560E+01 0.242700E+00
 0.651500E+00 0.288560E+01 0.242700E+00  0.651500E+00 0.320330E+01 0.242700E+00
 0.651500E+00 0.661600E+00 0.366000E+00  0.651500E+00 0.979300E+00 0.366000E+00
 0.651500E+00 0.979300E+00 0.366000E+00  0.651500E+00 0.129700E+01 0.366000E+00
 0.651500E+00 0.129700E+01 0.366000E+00  0.651500E+00 0.161470E+01 0.366000E+00
 0.651500E+00 0.161470E+01 0.366000E+00  0.651500E+00 0.193240E+01 0.366000E+00
 0.651500E+00 0.193240E+01 0.366000E+00  0.651500E+00 0.225010E+01 0.366000E+00
 0.651500E+00 0.225010E+01 0.366000E+00  0.651500E+00 0.256790E+01 0.366000E+00
 0.651500E+00 0.256790E+01 0.366000E+00  0.651500E+00 0.288560E+01 0.366000E+00
 0.651500E+00 0.288560E+01 0.366000E+00  0.651500E+00 0.320330E+01 0.366000E+00
 0.651500E+00 0.661600E+00 -.373600E+00  0.651500E+00 0.661600E+00 -.250300E+00
 0.651500E+00 0.979300E+00 -.373600E+00  0.651500E+00 0.979300E+00 -.250300E+00
 0.651500E+00 0.129700E+01 -.373600E+00  0.651500E+00 0.129700E+01 -.250300E+00
 0.651500E+00 0.161470E+01 -.373600E+00  0.651500E+00 0.161470E+01 -.250300E+00
 0.651500E+00 0.193240E+01 -.373600E+00  0.651500E+00 0.193240E+01 -.250300E+00
 0.651500E+00 0.225010E+01 -.373600E+00  0.651500E+00 0.225010E+01 -.250300E+00
 0.651500E+00 0.256790E+01 -.373600E+00  0.651500E+00 0.256790E+01 -.250300E+00
 0.651500E+00 0.288560E+01 -.373600E+00  0.651500E+00 0.288560E+01 -.250300E+00
 0.651500E+00 0.320330E+01 -.373600E+00  0.651500E+00 0.320330E+01 -.250300E+00
 0.651500E+00 0.661600E+00 -.250300E+00  0.651500E+00 0.661600E+00 -.127000E+00
 0.651500E+00 0.979300E+00 -.250300E+00  0.651500E+00 0.979300E+00 -.127000E+00
 0.651500E+00 0.129700E+01 -.250300E+00  0.651500E+00 0.129700E+01 -.127000E+00
 0.651500E+00 0.161470E+01 -.250300E+00  0.651500E+00 0.161470E+01 -.127000E+00
 0.651500E+00 0.193240E+01 -.250300E+00  0.651500E+00 0.193240E+01 -.127000E+00
 0.651500E+00 0.225010E+01 -.250300E+00  0.651500E+00 0.225010E+01 -.127000E+00
 0.651500E+00 0.256790E+01 -.250300E+00  0.651500E+00 0.256790E+01 -.127000E+00
 0.651500E+00 0.288560E+01 -.250300E+00  0.651500E+00 0.288560E+01 -.127000E+00
 0.651500E+00 0.320330E+01 -.250300E+00  0.651500E+00 0.320330E+01 -.127000E+00
 0.651500E+00 0.661600E+00 -.127000E+00  0.651500E+00 0.661600E+00 -.380000E-02
 0.651500E+00 0.979300E+00 -.127000E+00  0.651500E+00 0.979300E+00 -.380000E-02
 0.651500E+00 0.129700E+01 -.127000E+00  0.651500E+00 0.129700E+01 -.380000E-02
 0.651500E+00 0.161470E+01 -.127000E+00  0.651500E+00 0.161470E+01 -.380000E-02
 0.651500E+00 0.193240E+01 -.127000E+00  0.651500E+00 0.193240E+01 -.380000E-02
 0.651500E+00 0.225010E+01 -.127000E+00  0.651500E+00 0.225010E+01 -.380000E-02
 0.651500E+00 0.256790E+01 -.127000E+00  0.651500E+00 0.256790E+01 -.380000E-02
 0.651500E+00 0.288560E+01 -.127000E+00  0.651500E+00 0.288560E+01 -.380000E-02
 0.651500E+00 0.320330E+01 -.127000E+00  0.651500E+00 0.320330E+01 -.380000E-02
 0.651500E+00 0.661600E+00 -.380000E-02  0.651500E+00 0.661600E+00 0.119500E+00
 0.651500E+00 0.979300E+00 -.380000E-02  0.651500E+00 0.979300E+00 0.119500E+00
 0.651500E+00 0.129700E+01 -.380000E-02  0.651500E+00 0.129700E+01 0.119500E+00
 0.651500E+00 0.161470E+01 -.380000E-02  0.651500E+00 0.161470E+01 0.119500E+00
 0.651500E+00 0.193240E+01 -.380000E-02  0.651500E+00 0.193240E+01 0.119500E+00
 0.651500E+00 0.225010E+01 -.380000E-02  0.651500E+00 0.225010E+01 0.119500E+00
 0.651500E+00 0.256790E+01 -.380000E-02  0.651500E+00 0.256790E+01 0.119500E+00
 0.651500E+00 0.288560E+01 -.380000E-02  0.651500E+00 0.288560E+01 0.119500E+00
 0.651500E+00 0.320330E+01 -.380000E-02  0.651500E+00 0.320330E+01 0.119500E+00
 0.651500E+00 0.661600E+00 0.119500E+00  0.651500E+00 0.661600E+00 0.242700E+00
 0.651500E+00 0.979300E+00 0.119500E+00  0.651500E+00 0.979300E+00 0.242700E+00
 0.651500E+00 0.129700E+01 0.119500E+00  0.651500E+00 0.129700E+01 0.242700E+00
 0.651500E+00 0.161470E+01 0.119500E+00  0.651500E+00 0.161470E+01 0.242700E+00
 0.651500E+00 0.193240E+01 0.119500E+00  0.651500E+00 0.193240E+01 0.242700E+00
 0.651500E+00 0.225010E+01 0.119500E+00  0.651500E+00 0.225010E+01 0.242700E+00
 0.651500E+00 0.256790E+01 0.119500E+00  0.651500E+00 0.256790E+01 0.242700E+00
 0.651500E+00 0.288560E+01 0.119500E+00  0.651500E+00 0.288560E+01 0.242700E+00
 0.651500E+00 0.320330E+01 0.119500E+00  0.651500E+00 0.320330E+01 0.242700E+00
 0.651500E+00 0.661600E+00 0.242700E+00  0.651500E+00 0.661600E+00 0.366000E+00
 0.651500E+00 0.979300E+00 0.242700E+00  0.651500E+00 0.979300E+00 0.366000E+00
 0.651500E+00 0.129700E+01 0.242700E+00  0.651500E+00 0.129700E+01 0.366000E+00
 0.651500E+00 0.161470E+01 0.242700E+00  0.651500E+00 0.161470E+01 0.366000E+00
 0.651500E+00 0.193240E+01 0.242700E+00  0.651500E+00 0.193240E+01 0.366000E+00
 0.651500E+00 0.225010E+01 0.242700E+00  0.651500E+00 0.225010E+01 0.366000E+00
 0.651500E+00 0.256790E+01 0.242700E+00  0.651500E+00 0.256790E+01 0.366000E+00
 0.651500E+00 0.288560E+01 0.242700E+00  0.651500E+00 0.288560E+01 0.366000E+00
 0.651500E+00 0.320330E+01 0.242700E+00  0.651500E+00 0.320330E+01 0.366000E+00
 0.571500E+00 -.609500E+00 0.508000E+00  0.611500E+00 -.635500E+00 0.432200E+00
 0.571500E+00 -.609500E+00 0.846700E+00  0.611500E+00 -.635500E+00 0.971300E+00
 0.571500E+00 0.609500E+00 -.141100E+00  0.611500E+00 0.635500E+00 -.257300E+00
 0.571500E+00 0.609500E+00 0.141100E+00  0.611500E+00 0.635500E+00 0.253600E+00
 0.611500E+00 -.635500E+00 0.432200E+00  0.651500E+00 -.661600E+00 0.356400E+00
 0.611500E+00 -.635500E+00 0.971300E+00  0.651500E+00 -.661600E+00 0.109600E+01
 0.611500E+00 0.635500E+00 -.257300E+00  0.651500E+00 0.661600E+00 -.373600E+00
 0.611500E+00 0.635500E+00 0.253600E+00  0.651500E+00 0.661600E+00 0.366000E+00
 -.402600E+00 -.145600E+01 -.429300E+00  -.630000E+00 -.122860E+01 -.429300E+00
 -.630000E+00 -.122860E+01 -.429300E+00  -.857400E+00 -.145600E+01 -.429300E+00
 -.857400E+00 -.145600E+01 -.429300E+00  -.630000E+00 -.168340E+01 -.429300E+00
 -.630000E+00 -.168340E+01 -.429300E+00  -.402600E+00 -.145600E+01 -.429300E+00
 -.402600E+00 -.145600E+01 -.429300E+00  -.270600E+00 -.145600E+01 -.475300E+00
 -.630000E+00 -.122860E+01 -.429300E+00  -.630000E+00 -.109660E+01 -.475300E+00
 -.857400E+00 -.145600E+01 -.429300E+00  -.989400E+00 -.145600E+01 -.475300E+00
 -.630000E+00 -.168340E+01 -.429300E+00  -.630000E+00 -.181540E+01 -.475300E+00
 -.270600E+00 -.145600E+01 -.475300E+00  -.375800E+00 -.120180E+01 -.475300E+00
 -.375800E+00 -.120180E+01 -.475300E+00  -.630000E+00 -.109660E+01 -.475300E+00
 -.630000E+00 -.109660E+01 -.475300E+00  -.884200E+00 -.120180E+01 -.475300E+00
 -.884200E+00 -.120180E+01 -.475300E+00  -.989400E+00 -.145600E+01 -.475300E+00
 -.989400E+00 -.145600E+01 -.475300E+00  -.884200E+00 -.171020E+01 -.475300E+00
 -.884200E+00 -.171020E+01 -.475300E+00  -.630000E+00 -.181540E+01 -.475300E+00
 -.630000E+00 -.181540E+01 -.475300E+00  -.375800E+00 -.171020E+01 -.475300E+00
 -.375800E+00 -.171020E+01 -.475300E+00  -.270600E+00 -.145600E+01 -.475300E+00
 -.270600E+00 -.145600E+01 -.475300E+00  -.147300E+00 -.145600E+01 -.541200E+00
 -.375800E+00 -.120180E+01 -.475300E+00  -.288700E+00 -.111470E+01 -.541200E+00
 -.630000E+00 -.109660E+01 -.475300E+00  -.630000E+00 -.973300E+00 -.541200E+00
 -.884200E+00 -.120180E+01 -.475300E+00  -.971300E+00 -.111470E+01 -.541200E+00
 -.989400E+00 -.145600E+01 -.475300E+00  -.111270E+01 -.145600E+01 -.541200E+00
 -.884200E+00 -.171020E+01 -.475300E+00  -.971300E+00 -.179730E+01 -.541200E+00
 -.630000E+00 -.181540E+01 -.475300E+00  -.630000E+00 -.193870E+01 -.541200E+00
 -.375800E+00 -.171020E+01 -.475300E+00  -.288700E+00 -.179730E+01 -.541200E+00
 -.147300E+00 -.145600E+01 -.541200E+00  -.288700E+00 -.111470E+01 -.541200E+00
 -.288700E+00 -.111470E+01 -.541200E+00  -.630000E+00 -.973300E+00 -.541200E+00
 -.630000E+00 -.973300E+00 -.541200E+00  -.971300E+00 -.111470E+01 -.541200E+00
 -.971300E+00 -.111470E+01 -.541200E+00  -.111270E+01 -.145600E+01 -.541200E+00
 -.111270E+01 -.145600E+01 -.541200E+00  -.971300E+00 -.179730E+01 -.541200E+00
 -.971300E+00 -.179730E+01 -.541200E+00  -.630000E+00 -.193870E+01 -.541200E+00
 -.630000E+00 -.193870E+01 -.541200E+00  -.288700E+00 -.179730E+01 -.541200E+00
 -.288700E+00 -.179730E+01 -.541200E+00  -.147300E+00 -.145600E+01 -.541200E+00
 -.147300E+00 -.145600E+01 -.541200E+00  -.357000E-01 -.145600E+01 -.625500E+00
 -.288700E+00 -.111470E+01 -.541200E+00  -.209800E+00 -.103580E+01 -.625500E+00
 -.630000E+00 -.973300E+00 -.541200E+00  -.630000E+00 -.861700E+00 -.625500E+00
 -.971300E+00 -.111470E+01 -.541200E+00  -.105020E+01 -.103580E+01 -.625500E+00
 -.111270E+01 -.145600E+01 -.541200E+00  -.122430E+01 -.145600E+01 -.625500E+00
 -.971300E+00 -.179730E+01 -.541200E+00  -.105020E+01 -.187620E+01 -.625500E+00
 -.630000E+00 -.193870E+01 -.541200E+00  -.630000E+00 -.205030E+01 -.625500E+00
 -.288700E+00 -.179730E+01 -.541200E+00  -.209800E+00 -.187620E+01 -.625500E+00
 -.357000E-01 -.145600E+01 -.625500E+00  -.209800E+00 -.103580E+01 -.625500E+00
 -.209800E+00 -.103580E+01 -.625500E+00  -.630000E+00 -.861700E+00 -.625500E+00
 -.630000E+00 -.861700E+00 -.625500E+00  -.105020E+01 -.103580E+01 -.625500E+00
 -.105020E+01 -.103580E+01 -.625500E+00  -.122430E+01 -.145600E+01 -.625500E+00
 -.122430E+01 -.145600E+01 -.625500E+00  -.105020E+01 -.187620E+01 -.625500E+00
 -.105020E+01 -.187620E+01 -.625500E+00  -.630000E+00 -.205030E+01 -.625500E+00
 -.630000E+00 -.205030E+01 -.625500E+00  -.209800E+00 -.187620E+01 -.625500E+00
 -.209800E+00 -.187620E+01 -.625500E+00  -.357000E-01 -.145600E+01 -.625500E+00
 -.402600E+00 -.145600E+01 -.429300E+00  -.630000E+00 -.145600E+01 -.919300E+00
 -.630000E+00 -.122860E+01 -.429300E+00  -.630000E+00 -.145600E+01 -.919300E+00
 -.857400E+00 -.145600E+01 -.429300E+00  -.630000E+00 -.145600E+01 -.919300E+00
 -.630000E+00 -.168340E+01 -.429300E+00  -.630000E+00 -.145600E+01 -.919300E+00
 -.402600E+00 -.145600E+01 -.429300E+00  -.630000E+00 -.145600E+01 -.225300E+00
 -.857400E+00 -.145600E+01 -.429300E+00  -.630000E+00 -.145600E+01 -.225300E+00
 -.571500E+00 -.609500E+00 -.169300E+00  -.571500E+00 -.609500E+00 0.000000E+00
 -.571500E+00 -.609500E+00 -.169300E+00  -.600800E+00 -.103280E+01 -.197300E+00
 -.600800E+00 -.103280E+01 -.197300E+00  -.630000E+00 -.145600E+01 -.225300E+00
 -.571500E+00 0.000000E+00 0.508000E+00  -.571500E+00 0.000000E+00 0.677300E+00
 -.571500E+00 0.203200E+00 0.508000E+00  -.571500E+00 0.203200E+00 0.677300E+00
 -.571500E+00 0.406300E+00 0.169300E+00  -.571500E+00 0.406300E+00 0.338700E+00
 -.571500E+00 0.507900E+00 0.000000E+00  -.571500E+00 0.609500E+00 0.000000E+00
 -.571500E+00 0.406300E+00 -.169300E+00  -.571500E+00 0.406300E+00 0.000000E+00
 -.571500E+00 0.203200E+00 -.508000E+00  -.571500E+00 0.203200E+00 -.338700E+00
 -.571500E+00 0.000000E+00 -.508000E+00  -.571500E+00 0.000000E+00 -.338700E+00
 -.571500E+00 -.203200E+00 -.508000E+00  -.571500E+00 -.203200E+00 -.338700E+00
 -.571500E+00 -.406300E+00 -.169300E+00  -.571500E+00 -.406300E+00 0.000000E+00
 -.571500E+00 -.507900E+00 0.000000E+00  -.571500E+00 -.406300E+00 0.000000E+00
 -.571500E+00 -.406300E+00 0.169300E+00  -.571500E+00 -.406300E+00 0.338700E+00
 -.571500E+00 -.203200E+00 0.508000E+00  -.571500E+00 -.203200E+00 0.677300E+00
 -.774700E+00 0.000000E+00 0.479400E+00  -.774700E+00 0.239700E+00 0.415200E+00
 -.774700E+00 0.239700E+00 0.415200E+00  -.774700E+00 0.415200E+00 0.239700E+00
 -.774700E+00 0.415200E+00 0.239700E+00  -.774700E+00 0.479400E+00 0.000000E+00
 -.774700E+00 0.479400E+00 0.000000E+00  -.774700E+00 0.415200E+00 -.239700E+00
 -.774700E+00 0.415200E+00 -.239700E+00  -.774700E+00 0.239700E+00 -.415200E+00
 -.774700E+00 0.239700E+00 -.415200E+00  -.774700E+00 0.000000E+00 -.479400E+00
 -.774700E+00 0.000000E+00 -.479400E+00  -.774700E+00 -.239700E+00 -.415200E+00
 -.774700E+00 -.239700E+00 -.415200E+00  -.774700E+00 -.415200E+00 -.239700E+00
 -.774700E+00 -.415200E+00 -.239700E+00  -.774700E+00 -.479400E+00 0.000000E+00
 -.774700E+00 -.479400E+00 0.000000E+00  -.774700E+00 -.415200E+00 0.239700E+00
 -.774700E+00 -.415200E+00 0.239700E+00  -.774700E+00 -.239700E+00 0.415200E+00
 -.774700E+00 -.239700E+00 0.415200E+00  -.774700E+00 0.000000E+00 0.479400E+00
 -.571500E+00 0.000000E+00 0.508000E+00  -.774700E+00 0.000000E+00 0.479400E+00
 -.571500E+00 0.203200E+00 0.508000E+00  -.774700E+00 0.239700E+00 0.415200E+00
 -.571500E+00 0.406300E+00 0.169300E+00  -.774700E+00 0.415200E+00 0.239700E+00
 -.571500E+00 0.507900E+00 0.000000E+00  -.774700E+00 0.479400E+00 0.000000E+00
 -.571500E+00 0.406300E+00 -.169300E+00  -.774700E+00 0.415200E+00 -.239700E+00
 -.571500E+00 0.203200E+00 -.508000E+00  -.774700E+00 0.239700E+00 -.415200E+00
 -.571500E+00 0.000000E+00 -.508000E+00  -.774700E+00 0.000000E+00 -.479400E+00
 -.571500E+00 -.203200E+00 -.508000E+00  -.774700E+00 -.239700E+00 -.415200E+00
 -.571500E+00 -.406300E+00 -.169300E+00  -.774700E+00 -.415200E+00 -.239700E+00
 -.571500E+00 -.507900E+00 0.000000E+00  -.774700E+00 -.479400E+00 0.000000E+00
 -.571500E+00 -.406300E+00 0.169300E+00  -.774700E+00 -.415200E+00 0.239700E+00
 -.571500E+00 -.203200E+00 0.508000E+00  -.774700E+00 -.239700E+00 0.415200E+00
 -.571500E+00 -.758000E+00 -.101600E+01  -.571500E+00 -.758000E+00 -.867500E+00
 -.571500E+00 -.758000E+00 -.867500E+00  -.571500E+00 -.609500E+00 -.867500E+00
 -.571500E+00 -.609500E+00 -.867500E+00  -.571500E+00 -.609500E+00 -.677300E+00
 -.381000E+00 -.758000E+00 -.101600E+01  -.381000E+00 -.758000E+00 -.867500E+00
 -.381000E+00 -.758000E+00 -.867500E+00  -.381000E+00 -.609500E+00 -.867500E+00
 -.381000E+00 -.609500E+00 -.867500E+00  -.381000E+00 -.609500E+00 -.677300E+00
 -.190500E+00 -.758000E+00 -.101600E+01  -.190500E+00 -.758000E+00 -.867500E+00
 -.190500E+00 -.758000E+00 -.867500E+00  -.190500E+00 -.609500E+00 -.867500E+00
 -.190500E+00 -.609500E+00 -.867500E+00  -.190500E+00 -.609500E+00 -.677300E+00
 0.000000E+00 -.758000E+00 -.101600E+01  0.000000E+00 -.758000E+00 -.867500E+00
 0.000000E+00 -.758000E+00 -.867500E+00  0.000000E+00 -.609500E+00 -.867500E+00
 0.000000E+00 -.609500E+00 -.867500E+00  0.000000E+00 -.609500E+00 -.677300E+00
 0.190500E+00 -.758000E+00 -.101600E+01  0.190500E+00 -.758000E+00 -.867500E+00
 0.190500E+00 -.758000E+00 -.867500E+00  0.190500E+00 -.609500E+00 -.867500E+00
 0.190500E+00 -.609500E+00 -.867500E+00  0.190500E+00 -.609500E+00 -.677300E+00
 0.381000E+00 -.758000E+00 -.101600E+01  0.381000E+00 -.758000E+00 -.867500E+00
 0.381000E+00 -.758000E+00 -.867500E+00  0.381000E+00 -.609500E+00 -.867500E+00
 0.381000E+00 -.609500E+00 -.867500E+00  0.381000E+00 -.609500E+00 -.677300E+00
 0.571500E+00 -.758000E+00 -.101600E+01  0.571500E+00 -.758000E+00 -.867500E+00
 0.571500E+00 -.758000E+00 -.867500E+00  0.571500E+00 -.609500E+00 -.867500E+00
 0.571500E+00 -.609500E+00 -.867500E+00  0.571500E+00 -.609500E+00 -.677300E+00
 -.571500E+00 -.609500E+00 -.101600E+01  -.113150E+01 -.614100E+00 -.101140E+01
 -.113150E+01 -.614100E+00 -.101140E+01  -.169150E+01 -.618800E+00 -.100670E+01
 -.169150E+01 -.618800E+00 -.100670E+01  -.225150E+01 -.623400E+00 -.100210E+01
 -.225150E+01 -.623400E+00 -.100210E+01  -.281150E+01 -.628100E+00 -.997400E+00
 -.281150E+01 -.628100E+00 -.997400E+00  -.337150E+01 -.632700E+00 -.992800E+00
 -.337150E+01 -.632700E+00 -.992800E+00  -.393150E+01 -.637400E+00 -.988100E+00
 -.393150E+01 -.637400E+00 -.988100E+00  -.449140E+01 -.642000E+00 -.983500E+00
 -.449140E+01 -.642000E+00 -.983500E+00  -.505140E+01 -.646600E+00 -.978900E+00
 -.571500E+00 -.609500E+00 -.867500E+00  -.113150E+01 -.614100E+00 -.872100E+00
 -.113150E+01 -.614100E+00 -.872100E+00  -.169150E+01 -.618800E+00 -.876700E+00
 -.169150E+01 -.618800E+00 -.876700E+00  -.225150E+01 -.623400E+00 -.881400E+00
 -.225150E+01 -.623400E+00 -.881400E+00  -.281150E+01 -.628100E+00 -.886000E+00
 -.281150E+01 -.628100E+00 -.886000E+00  -.337150E+01 -.632700E+00 -.890700E+00
 -.337150E+01 -.632700E+00 -.890700E+00  -.393150E+01 -.637400E+00 -.895300E+00
 -.393150E+01 -.637400E+00 -.895300E+00  -.449140E+01 -.642000E+00 -.900000E+00
 -.449140E+01 -.642000E+00 -.900000E+00  -.505140E+01 -.646600E+00 -.904600E+00
 -.571500E+00 -.758000E+00 -.867500E+00  -.113150E+01 -.753400E+00 -.872100E+00
 -.113150E+01 -.753400E+00 -.872100E+00  -.169150E+01 -.748800E+00 -.876700E+00
 -.169150E+01 -.748800E+00 -.876700E+00  -.225150E+01 -.744100E+00 -.881400E+00
 -.225150E+01 -.744100E+00 -.881400E+00  -.281150E+01 -.739500E+00 -.886000E+00
 -.281150E+01 -.739500E+00 -.886000E+00  -.337150E+01 -.734800E+00 -.890700E+00
 -.337150E+01 -.734800E+00 -.890700E+00  -.393150E+01 -.730200E+00 -.895300E+00
 -.393150E+01 -.730200E+00 -.895300E+00  -.449140E+01 -.725500E+00 -.900000E+00
 -.449140E+01 -.725500E+00 -.900000E+00  -.505140E+01 -.720900E+00 -.904600E+00
 -.571500E+00 -.758000E+00 -.101600E+01  -.113150E+01 -.753400E+00 -.101140E+01
 -.113150E+01 -.753400E+00 -.101140E+01  -.169150E+01 -.748800E+00 -.100670E+01
 -.169150E+01 -.748800E+00 -.100670E+01  -.225150E+01 -.744100E+00 -.100210E+01
 -.225150E+01 -.744100E+00 -.100210E+01  -.281150E+01 -.739500E+00 -.997400E+00
 -.281150E+01 -.739500E+00 -.997400E+00  -.337150E+01 -.734800E+00 -.992800E+00
 -.337150E+01 -.734800E+00 -.992800E+00  -.393150E+01 -.730200E+00 -.988100E+00
 -.393150E+01 -.730200E+00 -.988100E+00  -.449140E+01 -.725500E+00 -.983500E+00
 -.449140E+01 -.725500E+00 -.983500E+00  -.505140E+01 -.720900E+00 -.978900E+00
 -.505140E+01 -.646600E+00 -.978900E+00  -.505140E+01 -.646600E+00 -.904600E+00
 -.505140E+01 -.646600E+00 -.904600E+00  -.505140E+01 -.720900E+00 -.904600E+00
 -.505140E+01 -.720900E+00 -.904600E+00  -.505140E+01 -.720900E+00 -.978900E+00
 -.505140E+01 -.720900E+00 -.978900E+00  -.505140E+01 -.646600E+00 -.978900E+00
 -.113150E+01 -.614100E+00 -.101140E+01  -.113150E+01 -.614100E+00 -.872100E+00
 -.113150E+01 -.614100E+00 -.872100E+00  -.113150E+01 -.753400E+00 -.872100E+00
 -.113150E+01 -.753400E+00 -.872100E+00  -.113150E+01 -.753400E+00 -.101140E+01
 -.113150E+01 -.753400E+00 -.101140E+01  -.113150E+01 -.614100E+00 -.101140E+01
 -.169150E+01 -.618800E+00 -.100670E+01  -.169150E+01 -.618800E+00 -.876700E+00
 -.169150E+01 -.618800E+00 -.876700E+00  -.169150E+01 -.748800E+00 -.876700E+00
 -.169150E+01 -.748800E+00 -.876700E+00  -.169150E+01 -.748800E+00 -.100670E+01
 -.169150E+01 -.748800E+00 -.100670E+01  -.169150E+01 -.618800E+00 -.100670E+01
 -.225150E+01 -.623400E+00 -.100210E+01  -.225150E+01 -.623400E+00 -.881400E+00
 -.225150E+01 -.623400E+00 -.881400E+00  -.225150E+01 -.744100E+00 -.881400E+00
 -.225150E+01 -.744100E+00 -.881400E+00  -.225150E+01 -.744100E+00 -.100210E+01
 -.225150E+01 -.744100E+00 -.100210E+01  -.225150E+01 -.623400E+00 -.100210E+01
 -.281150E+01 -.628100E+00 -.997400E+00  -.281150E+01 -.628100E+00 -.886000E+00
 -.281150E+01 -.628100E+00 -.886000E+00  -.281150E+01 -.739500E+00 -.886000E+00
 -.281150E+01 -.739500E+00 -.886000E+00  -.281150E+01 -.739500E+00 -.997400E+00
 -.281150E+01 -.739500E+00 -.997400E+00  -.281150E+01 -.628100E+00 -.997400E+00
 -.337150E+01 -.632700E+00 -.992800E+00  -.337150E+01 -.632700E+00 -.890700E+00
 -.337150E+01 -.632700E+00 -.890700E+00  -.337150E+01 -.734800E+00 -.890700E+00
 -.337150E+01 -.734800E+00 -.890700E+00  -.337150E+01 -.734800E+00 -.992800E+00
 -.337150E+01 -.734800E+00 -.992800E+00  -.337150E+01 -.632700E+00 -.992800E+00
 -.393150E+01 -.637400E+00 -.988100E+00  -.393150E+01 -.637400E+00 -.895300E+00
 -.393150E+01 -.637400E+00 -.895300E+00  -.393150E+01 -.730200E+00 -.895300E+00
 -.393150E+01 -.730200E+00 -.895300E+00  -.393150E+01 -.730200E+00 -.988100E+00
 -.393150E+01 -.730200E+00 -.988100E+00  -.393150E+01 -.637400E+00 -.988100E+00
 -.449140E+01 -.642000E+00 -.983500E+00  -.449140E+01 -.642000E+00 -.900000E+00
 -.449140E+01 -.642000E+00 -.900000E+00  -.449140E+01 -.725500E+00 -.900000E+00
 -.449140E+01 -.725500E+00 -.900000E+00  -.449140E+01 -.725500E+00 -.983500E+00
 -.449140E+01 -.725500E+00 -.983500E+00  -.449140E+01 -.642000E+00 -.983500E+00
 -.711500E+00 0.454500E+00 0.576000E+00  -.805100E+00 0.454500E+00 0.443600E+00
 -.805100E+00 0.454500E+00 0.443600E+00  -.898700E+00 0.454500E+00 0.311300E+00
 -.898700E+00 0.454500E+00 0.311300E+00  -.108580E+01 0.454500E+00 0.465000E-01
 -.108580E+01 0.454500E+00 0.465000E-01  -.127300E+01 0.454500E+00 -.218200E+00
 -.127300E+01 0.454500E+00 -.218200E+00  -.146010E+01 0.454500E+00 -.482900E+00
 -.146010E+01 0.454500E+00 -.482900E+00  -.164730E+01 0.454500E+00 -.747600E+00
 -.164730E+01 0.454500E+00 -.747600E+00  -.183450E+01 0.454500E+00 -.101240E+01
 -.183450E+01 0.454500E+00 -.101240E+01  -.202160E+01 0.454500E+00 -.127710E+01
 -.202160E+01 0.454500E+00 -.127710E+01  -.220880E+01 0.454500E+00 -.154180E+01
 -.220880E+01 0.454500E+00 -.154180E+01  -.239590E+01 0.454500E+00 -.180650E+01
 -.239590E+01 0.454500E+00 -.180650E+01  -.258310E+01 0.454500E+00 -.207130E+01
 -.258310E+01 0.454500E+00 -.207130E+01  -.277030E+01 0.454500E+00 -.233600E+01
 -.277030E+01 0.454500E+00 -.233600E+01  -.295740E+01 0.454500E+00 -.260070E+01
 -.295740E+01 0.454500E+00 -.260070E+01  -.314460E+01 0.454500E+00 -.286540E+01
 -.314460E+01 0.454500E+00 -.286540E+01  -.333170E+01 0.454500E+00 -.313020E+01
 -.333170E+01 0.454500E+00 -.313020E+01  -.351890E+01 0.454500E+00 -.339490E+01
 -.351890E+01 0.454500E+00 -.339490E+01  -.370600E+01 0.454500E+00 -.365960E+01
 -.370600E+01 0.454500E+00 -.365960E+01  -.389320E+01 0.454500E+00 -.392430E+01
 -.389320E+01 0.454500E+00 -.392430E+01  -.408040E+01 0.454500E+00 -.418910E+01
 -.711500E+00 0.459500E+00 0.898000E+00  -.805100E+00 0.574100E+00 0.964200E+00
 -.805100E+00 0.574100E+00 0.964200E+00  -.898700E+00 0.688800E+00 0.103040E+01
 -.898700E+00 0.688800E+00 0.103040E+01  -.108580E+01 0.918000E+00 0.116270E+01
 -.108580E+01 0.918000E+00 0.116270E+01  -.127300E+01 0.114730E+01 0.129510E+01
 -.127300E+01 0.114730E+01 0.129510E+01  -.146010E+01 0.137650E+01 0.142750E+01
 -.146010E+01 0.137650E+01 0.142750E+01  -.164730E+01 0.160580E+01 0.155980E+01
 -.164730E+01 0.160580E+01 0.155980E+01  -.183450E+01 0.183510E+01 0.169220E+01
 -.183450E+01 0.183510E+01 0.169220E+01  -.202160E+01 0.206430E+01 0.182450E+01
 -.202160E+01 0.206430E+01 0.182450E+01  -.220880E+01 0.229360E+01 0.195690E+01
 -.220880E+01 0.229360E+01 0.195690E+01  -.239590E+01 0.252280E+01 0.208930E+01
 -.239590E+01 0.252280E+01 0.208930E+01  -.258310E+01 0.275210E+01 0.222160E+01
 -.258310E+01 0.275210E+01 0.222160E+01  -.277030E+01 0.298140E+01 0.235400E+01
 -.277030E+01 0.298140E+01 0.235400E+01  -.295740E+01 0.321060E+01 0.248640E+01
 -.295740E+01 0.321060E+01 0.248640E+01  -.314460E+01 0.343990E+01 0.261870E+01
 -.314460E+01 0.343990E+01 0.261870E+01  -.333170E+01 0.366910E+01 0.275110E+01
 -.333170E+01 0.366910E+01 0.275110E+01  -.351890E+01 0.389840E+01 0.288340E+01
 -.351890E+01 0.389840E+01 0.288340E+01  -.370600E+01 0.412770E+01 0.301580E+01
 -.370600E+01 0.412770E+01 0.301580E+01  -.389320E+01 0.435690E+01 0.314820E+01
 -.389320E+01 0.435690E+01 0.314820E+01  -.408040E+01 0.458620E+01 0.328050E+01
 -.571500E+00 0.406300E+00 0.846700E+00  -.571500E+00 0.406300E+00 0.101600E+01
 -.711500E+00 0.179500E+00 0.746000E+00  -.805100E+00 0.649000E-01 0.812200E+00
 -.805100E+00 0.649000E-01 0.812200E+00  -.898700E+00 -.498000E-01 0.878400E+00
 -.898700E+00 -.498000E-01 0.878400E+00  -.108580E+01 -.279000E+00 0.101070E+01
 -.108580E+01 -.279000E+00 0.101070E+01  -.127300E+01 -.508300E+00 0.114310E+01
 -.127300E+01 -.508300E+00 0.114310E+01  -.146010E+01 -.737500E+00 0.127550E+01
 -.146010E+01 -.737500E+00 0.127550E+01  -.164730E+01 -.966800E+00 0.140780E+01
 -.164730E+01 -.966800E+00 0.140780E+01  -.183450E+01 -.119610E+01 0.154020E+01
 -.183450E+01 -.119610E+01 0.154020E+01  -.202160E+01 -.142530E+01 0.167250E+01
 -.202160E+01 -.142530E+01 0.167250E+01  -.220880E+01 -.165460E+01 0.180490E+01
 -.220880E+01 -.165460E+01 0.180490E+01  -.239590E+01 -.188380E+01 0.193730E+01
 -.239590E+01 -.188380E+01 0.193730E+01  -.258310E+01 -.211310E+01 0.206960E+01
 -.258310E+01 -.211310E+01 0.206960E+01  -.277030E+01 -.234240E+01 0.220200E+01
 -.277030E+01 -.234240E+01 0.220200E+01  -.295740E+01 -.257160E+01 0.233440E+01
 -.295740E+01 -.257160E+01 0.233440E+01  -.314460E+01 -.280090E+01 0.246670E+01
 -.314460E+01 -.280090E+01 0.246670E+01  -.333170E+01 -.303010E+01 0.259910E+01
 -.333170E+01 -.303010E+01 0.259910E+01  -.351890E+01 -.325940E+01 0.273140E+01
 -.351890E+01 -.325940E+01 0.273140E+01  -.370600E+01 -.348870E+01 0.286380E+01
 -.370600E+01 -.348870E+01 0.286380E+01  -.389320E+01 -.371790E+01 0.299620E+01
 -.389320E+01 -.371790E+01 0.299620E+01  -.408040E+01 -.394720E+01 0.312850E+01
 -.571500E+00 0.203200E+00 0.846700E+00  -.571500E+00 0.203200E+00 0.101600E+01
 -.571500E+00 0.406300E+00 0.846700E+00  -.571500E+00 0.304700E+00 0.846700E+00
 -.571500E+00 0.304700E+00 0.846700E+00  -.571500E+00 0.203200E+00 0.846700E+00
 -.571500E+00 0.304700E+00 0.846700E+00  -.711500E+00 0.459500E+00 0.898000E+00
 -.571500E+00 0.304700E+00 0.677300E+00  -.571500E+00 0.406300E+00 0.677300E+00
 -.571500E+00 0.304700E+00 0.677300E+00  -.711500E+00 0.179500E+00 0.746000E+00
 -.571500E+00 0.609500E+00 0.564400E+00  -.571500E+00 0.507900E+00 0.705600E+00
 -.571500E+00 0.507900E+00 0.705600E+00  -.571500E+00 0.406300E+00 0.846700E+00
 -.571500E+00 0.507900E+00 0.705600E+00  -.711500E+00 0.454500E+00 0.576000E+00
 0.381000E+00 -.548500E+00 -.101600E+01  0.381000E+00 -.406300E+00 -.101600E+01
 0.381000E+00 -.548500E+00 -.101600E+01  0.381000E+00 -.548500E+00 -.124650E+01
 0.381000E+00 -.142200E+00 0.101600E+01  0.381000E+00 0.000000E+00 0.101600E+01
 0.381000E+00 -.142200E+00 0.101600E+01  0.381000E+00 -.142200E+00 0.134620E+01
 -.159500E+00 -.463000E+00 0.124350E+01  0.000000E+00 -.463000E+00 0.124350E+01
 0.000000E+00 -.463000E+00 0.124350E+01  0.159500E+00 -.463000E+00 0.124350E+01
 -.159500E+00 -.231500E+00 0.124350E+01  0.000000E+00 -.231500E+00 0.124350E+01
 0.000000E+00 -.231500E+00 0.124350E+01  0.159500E+00 -.231500E+00 0.124350E+01
 -.159500E+00 0.000000E+00 0.124350E+01  0.000000E+00 0.000000E+00 0.124350E+01
 0.000000E+00 0.000000E+00 0.124350E+01  0.159500E+00 0.000000E+00 0.124350E+01
 -.159500E+00 -.463000E+00 0.124350E+01  -.159500E+00 -.231500E+00 0.124350E+01
 0.000000E+00 -.463000E+00 0.124350E+01  0.000000E+00 -.231500E+00 0.124350E+01
 0.159500E+00 -.463000E+00 0.124350E+01  0.159500E+00 -.231500E+00 0.124350E+01
 -.159500E+00 -.231500E+00 0.124350E+01  -.159500E+00 0.000000E+00 0.124350E+01
 0.000000E+00 -.231500E+00 0.124350E+01  0.000000E+00 0.000000E+00 0.124350E+01
 0.159500E+00 -.231500E+00 0.124350E+01  0.159500E+00 0.000000E+00 0.124350E+01
 -.159500E+00 -.463000E+00 0.112980E+01  -.159500E+00 -.231500E+00 0.112980E+01
 -.159500E+00 -.231500E+00 0.112980E+01  -.159500E+00 0.000000E+00 0.112980E+01
 -.160500E+00 -.466300E+00 0.101600E+01  -.159500E+00 -.463000E+00 0.112980E+01
 -.160500E+00 -.233200E+00 0.101600E+01  -.159500E+00 -.231500E+00 0.112980E+01
 -.160500E+00 0.000000E+00 0.101600E+01  -.159500E+00 0.000000E+00 0.112980E+01
 -.159500E+00 -.463000E+00 0.112980E+01  -.159500E+00 -.463000E+00 0.124350E+01
 -.159500E+00 -.231500E+00 0.112980E+01  -.159500E+00 -.231500E+00 0.124350E+01
 -.159500E+00 0.000000E+00 0.112980E+01  -.159500E+00 0.000000E+00 0.124350E+01
 0.159500E+00 -.463000E+00 0.112980E+01  0.159500E+00 -.231500E+00 0.112980E+01
 0.159500E+00 -.231500E+00 0.112980E+01  0.159500E+00 0.000000E+00 0.112980E+01
 0.160500E+00 -.466300E+00 0.101600E+01  0.159500E+00 -.463000E+00 0.112980E+01
 0.160500E+00 -.233200E+00 0.101600E+01  0.159500E+00 -.231500E+00 0.112980E+01
 0.160500E+00 0.000000E+00 0.101600E+01  0.159500E+00 0.000000E+00 0.112980E+01
 0.159500E+00 -.463000E+00 0.112980E+01  0.159500E+00 -.463000E+00 0.124350E+01
 0.159500E+00 -.231500E+00 0.112980E+01  0.159500E+00 -.231500E+00 0.124350E+01
 0.159500E+00 0.000000E+00 0.112980E+01  0.159500E+00 0.000000E+00 0.124350E+01
 0.000000E+00 -.466300E+00 0.101600E+01  0.000000E+00 -.463000E+00 0.112980E+01
 0.000000E+00 -.463000E+00 0.112980E+01  0.000000E+00 -.463000E+00 0.124350E+01
 -.159500E+00 -.463000E+00 0.112980E+01  0.000000E+00 -.463000E+00 0.112980E+01
 0.000000E+00 -.463000E+00 0.112980E+01  0.159500E+00 -.463000E+00 0.112980E+01
 0.000000E+00 0.000000E+00 0.101600E+01  0.000000E+00 0.000000E+00 0.112980E+01
 0.000000E+00 0.000000E+00 0.112980E+01  0.000000E+00 0.000000E+00 0.124350E+01
 -.159500E+00 0.000000E+00 0.112980E+01  0.000000E+00 0.000000E+00 0.112980E+01
 0.000000E+00 0.000000E+00 0.112980E+01  0.159500E+00 0.000000E+00 0.112980E+01
 -.484500E+00 -.234500E+00 -.126190E+01  -.101800E+00 -.234500E+00 -.126190E+01
 -.101800E+00 -.234500E+00 -.126190E+01  0.280900E+00 -.234500E+00 -.126190E+01
 -.484500E+00 -.248000E-01 -.126190E+01  -.101800E+00 -.248000E-01 -.126190E+01
 -.101800E+00 -.248000E-01 -.126190E+01  0.280900E+00 -.248000E-01 -.126190E+01
 -.484500E+00 0.184900E+00 -.126190E+01  -.101800E+00 0.184900E+00 -.126190E+01
 -.101800E+00 0.184900E+00 -.126190E+01  0.280900E+00 0.184900E+00 -.126190E+01
 -.484500E+00 -.234500E+00 -.126190E+01  -.484500E+00 -.248000E-01 -.126190E+01
 -.101800E+00 -.234500E+00 -.126190E+01  -.101800E+00 -.248000E-01 -.126190E+01
 0.280900E+00 -.234500E+00 -.126190E+01  0.280900E+00 -.248000E-01 -.126190E+01
 -.484500E+00 -.248000E-01 -.126190E+01  -.484500E+00 0.184900E+00 -.126190E+01
 -.101800E+00 -.248000E-01 -.126190E+01  -.101800E+00 0.184900E+00 -.126190E+01
 0.280900E+00 -.248000E-01 -.126190E+01  0.280900E+00 0.184900E+00 -.126190E+01
 -.484500E+00 -.234500E+00 -.113890E+01  -.484500E+00 -.248000E-01 -.113890E+01
 -.484500E+00 -.248000E-01 -.113890E+01  -.484500E+00 0.184900E+00 -.113890E+01
 -.484500E+00 -.234500E+00 -.126190E+01  -.484500E+00 -.234500E+00 -.113890E+01
 -.484500E+00 -.248000E-01 -.126190E+01  -.484500E+00 -.248000E-01 -.113890E+01
 -.484500E+00 0.184900E+00 -.126190E+01  -.484500E+00 0.184900E+00 -.113890E+01
 -.484500E+00 -.234500E+00 -.113890E+01  -.461000E+00 -.243200E+00 -.101600E+01
 -.484500E+00 -.248000E-01 -.113890E+01  -.461000E+00 0.000000E+00 -.101600E+01
 -.484500E+00 0.184900E+00 -.113890E+01  -.461000E+00 0.163200E+00 -.101600E+01
 0.280900E+00 -.234500E+00 -.113890E+01  0.280900E+00 -.248000E-01 -.113890E+01
 0.280900E+00 -.248000E-01 -.113890E+01  0.280900E+00 0.184900E+00 -.113890E+01
 0.280900E+00 -.234500E+00 -.126190E+01  0.280900E+00 -.234500E+00 -.113890E+01
 0.280900E+00 -.248000E-01 -.126190E+01  0.280900E+00 -.248000E-01 -.113890E+01
 0.280900E+00 0.184900E+00 -.126190E+01  0.280900E+00 0.184900E+00 -.113890E+01
 0.280900E+00 -.234500E+00 -.113890E+01  0.270500E+00 -.243200E+00 -.101600E+01
 0.280900E+00 -.248000E-01 -.113890E+01  0.270500E+00 0.000000E+00 -.101600E+01
 0.280900E+00 0.184900E+00 -.113890E+01  0.270500E+00 0.163200E+00 -.101600E+01
 -.101800E+00 -.234500E+00 -.126190E+01  -.101800E+00 -.234500E+00 -.113890E+01
 -.101800E+00 -.234500E+00 -.113890E+01  -.101800E+00 -.234500E+00 -.101600E+01
 -.484500E+00 -.234500E+00 -.113890E+01  -.101800E+00 -.234500E+00 -.113890E+01
 -.101800E+00 -.234500E+00 -.113890E+01  0.280900E+00 -.234500E+00 -.113890E+01
 -.101800E+00 0.184900E+00 -.113890E+01  -.101800E+00 0.184900E+00 -.101600E+01
 -.484500E+00 0.184900E+00 -.113890E+01  -.101800E+00 0.184900E+00 -.113890E+01
 -.101800E+00 0.184900E+00 -.113890E+01  0.280900E+00 0.184900E+00 -.113890E+01
 -.484500E+00 0.184900E+00 -.126190E+01  -.484500E+00 0.571900E+00 -.112860E+01
 -.101800E+00 0.184900E+00 -.126190E+01  -.101800E+00 0.571900E+00 -.112860E+01
 0.280900E+00 0.184900E+00 -.126190E+01  0.280900E+00 0.571900E+00 -.112860E+01
 -.484500E+00 0.571900E+00 -.112860E+01  -.101800E+00 0.571900E+00 -.112860E+01
 -.101800E+00 0.571900E+00 -.112860E+01  0.280900E+00 0.571900E+00 -.112860E+01
