   563  808
  -0.571500000000000 -0.609500000000000 -1.01600000000000
  -0.381000000000000 -0.609500000000000 -1.01600000000000
  -0.190500000000000 -0.609500000000000 -1.01600000000000
   0.000000000000000 -0.609500000000000 -1.01600000000000
   0.190500000000000 -0.609500000000000 -1.01600000000000
   0.381000000000000 -0.609500000000000 -1.01600000000000
   0.571500000000000 -0.609500000000000 -1.01600000000000
  -0.571500000000000 -0.406333300000000 -1.01600000000000
  -0.381000000000000 -0.406333300000000 -1.01600000000000
  -0.190500000000000 -0.406333300000000 -1.01600000000000
   0.000000000000000 -0.406333300000000 -1.01600000000000
   0.190500000000000 -0.406333300000000 -1.01600000000000
   0.381000000000000 -0.406333300000000 -1.01600000000000
   0.571500000000000 -0.406333300000000 -1.01600000000000
  -0.571500000000000 -0.203166700000000 -1.01600000000000
  -0.461000000000000 -0.243166700000000 -1.01600000000000
   0.270500000000000 -0.243166700000000 -1.01600000000000
   0.381000000000000 -0.203166700000000 -1.01600000000000
   0.571500000000000 -0.203166700000000 -1.01600000000000
  -0.571500000000000  0.000000000000000 -1.01600000000000
  -0.461000000000000  0.000000000000000 -1.01600000000000
   0.270500000000000  0.000000000000000 -1.01600000000000
   0.381000000000000  0.000000000000000 -1.01600000000000
   0.571500000000000  0.000000000000000 -1.01600000000000
  -0.571500000000000  0.203166700000000 -1.01600000000000
  -0.461000000000000  0.163166700000000 -1.01600000000000
   0.270500000000000  0.163166700000000 -1.01600000000000
   0.381000000000000  0.203166700000000 -1.01600000000000
   0.571500000000000  0.203166700000000 -1.01600000000000
  -0.571500000000000  0.406333300000000 -1.01600000000000
  -0.381000000000000  0.406333300000000 -1.01600000000000
  -0.190500000000000  0.406333300000000 -1.01600000000000
   0.000000000000000  0.406333300000000 -1.01600000000000
   0.190500000000000  0.406333300000000 -1.01600000000000
   0.381000000000000  0.406333300000000 -1.01600000000000
   0.571500000000000  0.406333300000000 -1.01600000000000
  -0.571500000000000  0.609500000000000 -0.846666700000000
  -0.381000000000000  0.609500000000000 -0.846666700000000
  -0.190500000000000  0.609500000000000 -0.846666700000000
   0.000000000000000  0.609500000000000 -0.846666700000000
   0.190500000000000  0.609500000000000 -0.846666700000000
   0.381000000000000  0.609500000000000 -0.846666700000000
   0.571500000000000  0.609500000000000 -0.846666700000000
  -0.571500000000000 -0.609500000000000  1.01600000000000
  -0.381000000000000 -0.609500000000000  1.01600000000000
  -0.190500000000000 -0.609500000000000  1.01600000000000
   0.000000000000000 -0.609500000000000  1.01600000000000
   0.190500000000000 -0.609500000000000  1.01600000000000
   0.381000000000000 -0.609500000000000  1.01600000000000
   0.571500000000000 -0.609500000000000  1.01600000000000
  -0.571500000000000 -0.406333300000000  1.01600000000000
  -0.381000000000000 -0.406333300000000  1.01600000000000
  -0.160500000000000 -0.466333300000000  1.01600000000000
   0.000000000000000 -0.466333300000000  1.01600000000000
   0.160500000000000 -0.466333300000000  1.01600000000000
   0.381000000000000 -0.406333300000000  1.01600000000000
   0.571500000000000 -0.406333300000000  1.01600000000000
  -0.571500000000000 -0.203166700000000  1.01600000000000
  -0.381000000000000 -0.203166700000000  1.01600000000000
  -0.160500000000000 -0.233166700000000  1.01600000000000
   0.160500000000000 -0.233166700000000  1.01600000000000
   0.381000000000000 -0.203166700000000  1.01600000000000
   0.571500000000000 -0.203166700000000  1.01600000000000
  -0.571500000000000  0.000000000000000  1.01600000000000
  -0.381000000000000  0.000000000000000  1.01600000000000
  -0.160500000000000  0.000000000000000  1.01600000000000
   0.000000000000000  0.000000000000000  1.01600000000000
   0.160500000000000  0.000000000000000  1.01600000000000
   0.381000000000000  0.000000000000000  1.01600000000000
   0.571500000000000  0.000000000000000  1.01600000000000
  -0.571500000000000  0.203166700000000  1.01600000000000
  -0.381000000000000  0.203166700000000  1.01600000000000
  -0.190500000000000  0.203166700000000  1.01600000000000
   0.000000000000000  0.203166700000000  1.01600000000000
   0.190500000000000  0.203166700000000  1.01600000000000
   0.381000000000000  0.203166700000000  1.01600000000000
   0.571500000000000  0.203166700000000  1.01600000000000
  -0.571500000000000  0.406333300000000  1.01600000000000
  -0.381000000000000  0.406333300000000  1.01600000000000
  -0.190500000000000  0.406333300000000  1.01600000000000
   0.000000000000000  0.406333300000000  1.01600000000000
   0.190500000000000  0.406333300000000  1.01600000000000
   0.381000000000000  0.406333300000000  1.01600000000000
   0.571500000000000  0.406333300000000  1.01600000000000
  -0.571500000000000  0.609500000000000  0.846666700000000
  -0.381000000000000  0.609500000000000  0.846666700000000
  -0.190500000000000  0.609500000000000  0.846666700000000
   0.000000000000000  0.609500000000000  0.846666700000000
   0.190500000000000  0.609500000000000  0.846666700000000
   0.381000000000000  0.609500000000000  0.846666700000000
   0.571500000000000  0.609500000000000  0.846666700000000
  -0.571500000000000 -0.609500000000000 -0.867465100000000
  -0.571500000000000 -0.406333300000000 -0.677333300000000
  -0.571500000000000 -0.203166700000000 -0.677333300000000
  -0.571500000000000  0.000000000000000 -0.677333300000000
  -0.571500000000000  0.203166700000000 -0.677333300000000
  -0.571500000000000  0.406333300000000 -0.677333300000000
  -0.571500000000000  0.609500000000000 -0.564444400000000
  -0.571500000000000 -0.609500000000000 -0.338666700000000
  -0.571500000000000 -0.406333300000000 -0.338666700000000
  -0.571500000000000 -0.203166700000000 -0.338666700000000
  -0.571500000000000  0.000000000000000 -0.338666700000000
  -0.571500000000000  0.203166700000000 -0.338666700000000
  -0.571500000000000  0.406333300000000 -0.338666700000000
  -0.571500000000000  0.609500000000000 -0.282222200000000
  -0.571500000000000 -0.609500000000000  0.000000000000000
  -0.571500000000000 -0.406333300000000  0.000000000000000
  -0.571500000000000 -0.203166700000000  0.000000000000000
  -0.571500000000000  0.000000000000000  0.000000000000000
  -0.571500000000000  0.203166700000000  0.000000000000000
  -0.571500000000000  0.406333300000000  0.000000000000000
  -0.571500000000000  0.609500000000000  0.000000000000000
  -0.571500000000000 -0.609500000000000  0.338666700000000
  -0.571500000000000 -0.406333300000000  0.338666700000000
  -0.571500000000000 -0.203166700000000  0.338666700000000
  -0.571500000000000  0.000000000000000  0.338666700000000
  -0.571500000000000  0.203166700000000  0.338666700000000
  -0.571500000000000  0.406333300000000  0.338666700000000
  -0.571500000000000  0.609500000000000  0.282222200000000
  -0.571500000000000 -0.609500000000000  0.677333300000000
  -0.571500000000000 -0.406333300000000  0.677333300000000
  -0.571500000000000 -0.203166700000000  0.677333300000000
  -0.571500000000000  0.000000000000000  0.677333300000000
  -0.571500000000000  0.203166700000000  0.677333300000000
  -0.571500000000000  0.406333300000000  0.677333300000000
  -0.571500000000000  0.609500000000000  0.564444400000000
   0.571500000000000 -0.609500000000000 -0.867465100000000
   0.571500000000000 -0.406333300000000 -0.677333300000000
   0.571500000000000 -0.203166700000000 -0.677333300000000
   0.571500000000000  0.000000000000000 -0.677333300000000
   0.571500000000000  0.203166700000000 -0.677333300000000
   0.571500000000000  0.406333300000000 -0.677333300000000
   0.571500000000000  0.609500000000000 -0.564444400000000
   0.571500000000000 -0.609500000000000 -0.338666700000000
   0.571500000000000 -0.406333300000000 -0.338666700000000
   0.571500000000000 -0.203166700000000 -0.338666700000000
   0.571500000000000  0.000000000000000 -0.338666700000000
   0.571500000000000  0.203166700000000 -0.338666700000000
   0.571500000000000  0.406333300000000 -0.338666700000000
   0.571500000000000  0.609500000000000 -0.282222200000000
   0.571500000000000 -0.609500000000000  0.000000000000000
   0.571500000000000 -0.406333300000000  0.000000000000000
   0.571500000000000 -0.203166700000000  0.000000000000000
   0.571500000000000  0.000000000000000  0.000000000000000
   0.571500000000000  0.203166700000000  0.000000000000000
   0.571500000000000  0.406333300000000  0.000000000000000
   0.571500000000000  0.609500000000000  0.000000000000000
   0.571500000000000 -0.609500000000000  0.338666700000000
   0.571500000000000 -0.406333300000000  0.338666700000000
   0.571500000000000 -0.203166700000000  0.338666700000000
   0.571500000000000  0.000000000000000  0.338666700000000
   0.571500000000000  0.203166700000000  0.338666700000000
   0.571500000000000  0.406333300000000  0.338666700000000
   0.571500000000000  0.609500000000000  0.282222200000000
   0.571500000000000 -0.609500000000000  0.677333300000000
   0.571500000000000 -0.406333300000000  0.677333300000000
   0.571500000000000 -0.203166700000000  0.677333300000000
   0.571500000000000  0.000000000000000  0.677333300000000
   0.571500000000000  0.203166700000000  0.677333300000000
   0.571500000000000  0.406333300000000  0.677333300000000
   0.571500000000000  0.609500000000000  0.564444400000000
  -0.381000000000000 -0.609500000000000 -0.867465100000000
  -0.381000000000000 -0.609500000000000 -0.338666700000000
  -0.381000000000000 -0.609500000000000  0.000000000000000
  -0.381000000000000 -0.609500000000000  0.338666700000000
  -0.381000000000000 -0.609500000000000  0.677333300000000
  -0.190500000000000 -0.609500000000000 -0.867465100000000
  -0.190500000000000 -0.609500000000000 -0.338666700000000
  -0.190500000000000 -0.609500000000000  0.000000000000000
  -0.190500000000000 -0.609500000000000  0.338666700000000
  -0.190500000000000 -0.609500000000000  0.677333300000000
   0.000000000000000 -0.609500000000000 -0.867465100000000
   0.000000000000000 -0.609500000000000 -0.338666700000000
   0.000000000000000 -0.609500000000000  0.000000000000000
   0.000000000000000 -0.609500000000000  0.338666700000000
   0.000000000000000 -0.609500000000000  0.677333300000000
   0.190500000000000 -0.609500000000000 -0.867465100000000
   0.190500000000000 -0.609500000000000 -0.338666700000000
   0.190500000000000 -0.609500000000000  0.000000000000000
   0.190500000000000 -0.609500000000000  0.338666700000000
   0.190500000000000 -0.609500000000000  0.677333300000000
   0.381000000000000 -0.609500000000000 -0.867465100000000
   0.381000000000000 -0.609500000000000 -0.338666700000000
   0.381000000000000 -0.609500000000000  0.000000000000000
   0.381000000000000 -0.609500000000000  0.338666700000000
   0.381000000000000 -0.609500000000000  0.677333300000000
  -0.381000000000000  0.609500000000000 -0.564444400000000
  -0.381000000000000  0.609500000000000 -0.282222200000000
  -0.381000000000000  0.609500000000000  0.000000000000000
  -0.381000000000000  0.609500000000000  0.282222200000000
  -0.381000000000000  0.609500000000000  0.564444400000000
  -0.190500000000000  0.609500000000000 -0.564444400000000
  -0.190500000000000  0.609500000000000 -0.282222200000000
  -0.190500000000000  0.609500000000000  0.000000000000000
  -0.190500000000000  0.609500000000000  0.282222200000000
  -0.190500000000000  0.609500000000000  0.564444400000000
   0.000000000000000  0.609500000000000 -0.564444400000000
   0.000000000000000  0.609500000000000 -0.282222200000000
   0.000000000000000  0.609500000000000  0.000000000000000
   0.000000000000000  0.609500000000000  0.282222200000000
   0.000000000000000  0.609500000000000  0.564444400000000
   0.190500000000000  0.609500000000000 -0.564444400000000
   0.190500000000000  0.609500000000000 -0.282222200000000
   0.190500000000000  0.609500000000000  0.000000000000000
   0.190500000000000  0.609500000000000  0.282222200000000
   0.190500000000000  0.609500000000000  0.564444400000000
   0.381000000000000  0.609500000000000 -0.564444400000000
   0.381000000000000  0.609500000000000 -0.282222200000000
   0.381000000000000  0.609500000000000  0.000000000000000
   0.381000000000000  0.609500000000000  0.282222200000000
   0.381000000000000  0.609500000000000  0.564444400000000
   0.571500000000000 -0.609500000000000  0.936666700000000
   0.571500000000000 -0.609500000000000  0.508000000000000
   0.571500000000000  0.609500000000000  0.219333300000000
   0.571500000000000  0.609500000000000 -0.219333300000000
   0.651500000000000 -0.661555000000000  0.356430000000000
   0.651500000000000 -0.979273700000000  0.356430000000000
   0.651500000000000 -1.29699200000000  0.356430000000000
   0.651500000000000 -1.61471100000000  0.356430000000000
   0.651500000000000 -1.93243000000000  0.356430000000000
   0.651500000000000 -2.25014900000000  0.356430000000000
   0.651500000000000 -2.56786700000000  0.356430000000000
   0.651500000000000 -2.88558600000000  0.356430000000000
   0.651500000000000 -3.20330500000000  0.356430000000000
   0.651500000000000 -0.661555000000000  0.479691700000000
   0.651500000000000 -0.979273700000000  0.479691700000000
   0.651500000000000 -1.29699200000000  0.479691700000000
   0.651500000000000 -1.61471100000000  0.479691700000000
   0.651500000000000 -1.93243000000000  0.479691700000000
   0.651500000000000 -2.25014900000000  0.479691700000000
   0.651500000000000 -2.56786700000000  0.479691700000000
   0.651500000000000 -2.88558600000000  0.479691700000000
   0.651500000000000 -3.20330500000000  0.479691700000000
   0.651500000000000 -0.661555000000000  0.602953300000000
   0.651500000000000 -0.979273700000000  0.602953300000000
   0.651500000000000 -1.29699200000000  0.602953300000000
   0.651500000000000 -1.61471100000000  0.602953300000000
   0.651500000000000 -1.93243000000000  0.602953300000000
   0.651500000000000 -2.25014900000000  0.602953300000000
   0.651500000000000 -2.56786700000000  0.602953300000000
   0.651500000000000 -2.88558600000000  0.602953300000000
   0.651500000000000 -3.20330500000000  0.602953300000000
   0.651500000000000 -0.661555000000000  0.726215000000000
   0.651500000000000 -0.979273700000000  0.726215000000000
   0.651500000000000 -1.29699200000000  0.726215000000000
   0.651500000000000 -1.61471100000000  0.726215000000000
   0.651500000000000 -1.93243000000000  0.726215000000000
   0.651500000000000 -2.25014900000000  0.726215000000000
   0.651500000000000 -2.56786700000000  0.726215000000000
   0.651500000000000 -2.88558600000000  0.726215000000000
   0.651500000000000 -3.20330500000000  0.726215000000000
   0.651500000000000 -0.661555000000000  0.849476700000000
   0.651500000000000 -0.979273700000000  0.849476700000000
   0.651500000000000 -1.29699200000000  0.849476700000000
   0.651500000000000 -1.61471100000000  0.849476700000000
   0.651500000000000 -1.93243000000000  0.849476700000000
   0.651500000000000 -2.25014900000000  0.849476700000000
   0.651500000000000 -2.56786700000000  0.849476700000000
   0.651500000000000 -2.88558600000000  0.849476700000000
   0.651500000000000 -3.20330500000000  0.849476700000000
   0.651500000000000 -0.661555000000000  0.972738300000000
   0.651500000000000 -0.979273700000000  0.972738300000000
   0.651500000000000 -1.29699200000000  0.972738300000000
   0.651500000000000 -1.61471100000000  0.972738300000000
   0.651500000000000 -1.93243000000000  0.972738300000000
   0.651500000000000 -2.25014900000000  0.972738300000000
   0.651500000000000 -2.56786700000000  0.972738300000000
   0.651500000000000 -2.88558600000000  0.972738300000000
   0.651500000000000 -3.20330500000000  0.972738300000000
   0.651500000000000 -0.661555000000000  1.09600000000000
   0.651500000000000 -0.979273700000000  1.09600000000000
   0.651500000000000 -1.29699200000000  1.09600000000000
   0.651500000000000 -1.61471100000000  1.09600000000000
   0.651500000000000 -1.93243000000000  1.09600000000000
   0.651500000000000 -2.25014900000000  1.09600000000000
   0.651500000000000 -2.56786700000000  1.09600000000000
   0.651500000000000 -2.88558600000000  1.09600000000000
   0.651500000000000 -3.20330500000000  1.09600000000000
   0.651500000000000  0.661555000000000 -0.373570000000000
   0.651500000000000  0.979273700000000 -0.373570000000000
   0.651500000000000  1.29699200000000 -0.373570000000000
   0.651500000000000  1.61471100000000 -0.373570000000000
   0.651500000000000  1.93243000000000 -0.373570000000000
   0.651500000000000  2.25014900000000 -0.373570000000000
   0.651500000000000  2.56786700000000 -0.373570000000000
   0.651500000000000  2.88558600000000 -0.373570000000000
   0.651500000000000  3.20330500000000 -0.373570000000000
   0.651500000000000  0.661555000000000 -0.250308300000000
   0.651500000000000  0.979273700000000 -0.250308300000000
   0.651500000000000  1.29699200000000 -0.250308300000000
   0.651500000000000  1.61471100000000 -0.250308300000000
   0.651500000000000  1.93243000000000 -0.250308300000000
   0.651500000000000  2.25014900000000 -0.250308300000000
   0.651500000000000  2.56786700000000 -0.250308300000000
   0.651500000000000  2.88558600000000 -0.250308300000000
   0.651500000000000  3.20330500000000 -0.250308300000000
   0.651500000000000  0.661555000000000 -0.127046700000000
   0.651500000000000  0.979273700000000 -0.127046700000000
   0.651500000000000  1.29699200000000 -0.127046700000000
   0.651500000000000  1.61471100000000 -0.127046700000000
   0.651500000000000  1.93243000000000 -0.127046700000000
   0.651500000000000  2.25014900000000 -0.127046700000000
   0.651500000000000  2.56786700000000 -0.127046700000000
   0.651500000000000  2.88558600000000 -0.127046700000000
   0.651500000000000  3.20330500000000 -0.127046700000000
   0.651500000000000  0.661555000000000 -3.785000000000000E-003
   0.651500000000000  0.979273700000000 -3.785000000000000E-003
   0.651500000000000  1.29699200000000 -3.785000000000000E-003
   0.651500000000000  1.61471100000000 -3.785000000000000E-003
   0.651500000000000  1.93243000000000 -3.785000000000000E-003
   0.651500000000000  2.25014900000000 -3.785000000000000E-003
   0.651500000000000  2.56786700000000 -3.785000000000000E-003
   0.651500000000000  2.88558600000000 -3.785000000000000E-003
   0.651500000000000  3.20330500000000 -3.785000000000000E-003
   0.651500000000000  0.661555000000000  0.119476700000000
   0.651500000000000  0.979273700000000  0.119476700000000
   0.651500000000000  1.29699200000000  0.119476700000000
   0.651500000000000  1.61471100000000  0.119476700000000
   0.651500000000000  1.93243000000000  0.119476700000000
   0.651500000000000  2.25014900000000  0.119476700000000
   0.651500000000000  2.56786700000000  0.119476700000000
   0.651500000000000  2.88558600000000  0.119476700000000
   0.651500000000000  3.20330500000000  0.119476700000000
   0.651500000000000  0.661555000000000  0.242738300000000
   0.651500000000000  0.979273700000000  0.242738300000000
   0.651500000000000  1.29699200000000  0.242738300000000
   0.651500000000000  1.61471100000000  0.242738300000000
   0.651500000000000  1.93243000000000  0.242738300000000
   0.651500000000000  2.25014900000000  0.242738300000000
   0.651500000000000  2.56786700000000  0.242738300000000
   0.651500000000000  2.88558600000000  0.242738300000000
   0.651500000000000  3.20330500000000  0.242738300000000
   0.651500000000000  0.661555000000000  0.366000000000000
   0.651500000000000  0.979273700000000  0.366000000000000
   0.651500000000000  1.29699200000000  0.366000000000000
   0.651500000000000  1.61471100000000  0.366000000000000
   0.651500000000000  1.93243000000000  0.366000000000000
   0.651500000000000  2.25014900000000  0.366000000000000
   0.651500000000000  2.56786700000000  0.366000000000000
   0.651500000000000  2.88558600000000  0.366000000000000
   0.651500000000000  3.20330500000000  0.366000000000000
  -0.402632900000000 -1.45600000000000 -0.429328100000000
  -0.630000000000000 -1.22863300000000 -0.429328100000000
  -0.857367100000000 -1.45600000000000 -0.429328100000000
  -0.630000000000000 -1.68336700000000 -0.429328100000000
  -0.270570900000000 -1.45600000000000 -0.475252300000000
  -0.375845200000000 -1.20184500000000 -0.475252300000000
  -0.630000000000000 -1.09657100000000 -0.475252300000000
  -0.884154800000000 -1.20184500000000 -0.475252300000000
  -0.989429100000000 -1.45600000000000 -0.475252300000000
  -0.884154800000000 -1.71015500000000 -0.475252300000000
  -0.630000000000000 -1.81542900000000 -0.475252300000000
  -0.375845200000000 -1.71015500000000 -0.475252300000000
  -0.147261400000000 -1.45600000000000 -0.541162700000000
  -0.288652200000000 -1.11465200000000 -0.541162700000000
  -0.630000000000000 -0.973261400000000 -0.541162700000000
  -0.971347800000000 -1.11465200000000 -0.541162700000000
  -1.11273900000000 -1.45600000000000 -0.541162700000000
  -0.971347800000000 -1.79734800000000 -0.541162700000000
  -0.630000000000000 -1.93873900000000 -0.541162700000000
  -0.288652200000000 -1.79734800000000 -0.541162700000000
  -3.570705000000000E-002 -1.45600000000000 -0.625454000000000
  -0.209771400000000 -1.03577100000000 -0.625454000000000
  -0.630000000000000 -0.861707000000000 -0.625454000000000
  -1.05022900000000 -1.03577100000000 -0.625454000000000
  -1.22429300000000 -1.45600000000000 -0.625454000000000
  -1.05022900000000 -1.87622900000000 -0.625454000000000
  -0.630000000000000 -2.05029300000000 -0.625454000000000
  -0.209771400000000 -1.87622900000000 -0.625454000000000
  -0.630000000000000 -1.45600000000000 -0.919328100000000
  -0.630000000000000 -1.45600000000000 -0.225328100000000
  -0.571500000000000 -0.609500000000000 -0.169333300000000
  -0.600750000000000 -1.03275000000000 -0.197330700000000
  -0.571500000000000  0.000000000000000  0.508000000000000
  -0.571500000000000  0.203166700000000  0.508000000000000
  -0.571500000000000  0.406333300000000  0.169333300000000
  -0.571500000000000  0.507916700000000  0.000000000000000
  -0.571500000000000  0.406333300000000 -0.169333300000000
  -0.571500000000000  0.203166700000000 -0.508000000000000
  -0.571500000000000  0.000000000000000 -0.508000000000000
  -0.571500000000000 -0.203166700000000 -0.508000000000000
  -0.571500000000000 -0.406333300000000 -0.169333300000000
  -0.571500000000000 -0.507916700000000  0.000000000000000
  -0.571500000000000 -0.406333300000000  0.169333300000000
  -0.571500000000000 -0.203166700000000  0.508000000000000
  -0.774700000000000  0.000000000000000  0.479425000000000
  -0.774700000000000  0.239712500000000  0.415194200000000
  -0.774700000000000  0.415194200000000  0.239712500000000
  -0.774700000000000  0.479425000000000  2.935631000000000E-017
  -0.774700000000000  0.415194200000000 -0.239712500000000
  -0.774700000000000  0.239712500000000 -0.415194200000000
  -0.774700000000000  5.871263000000001E-017 -0.479425000000000
  -0.774700000000000 -0.239712500000000 -0.415194200000000
  -0.774700000000000 -0.415194200000000 -0.239712500000000
  -0.774700000000000 -0.479425000000000 -8.806894000000002E-017
  -0.774700000000000 -0.415194200000000  0.239712500000000
  -0.774700000000000 -0.239712500000000  0.415194200000000
  -0.571500000000000 -0.758034900000000 -1.01600000000000
  -0.381000000000000 -0.758034900000000 -1.01600000000000
  -0.190500000000000 -0.758034900000000 -1.01600000000000
   0.000000000000000 -0.758034900000000 -1.01600000000000
   0.190500000000000 -0.758034900000000 -1.01600000000000
   0.381000000000000 -0.758034900000000 -1.01600000000000
   0.571500000000000 -0.758034900000000 -1.01600000000000
  -0.811500000000000  0.454500000000000  0.446000000000000
  -0.905079700000000  0.454500000000000  0.313636800000000
  -0.998659300000000  0.454500000000000  0.181273700000000
  -1.18581900000000  0.454500000000000 -8.345260999999999E-002
  -1.37297800000000  0.454500000000000 -0.348178900000000
  -1.56013700000000  0.454500000000000 -0.612905200000000
  -1.74729700000000  0.454500000000000 -0.877631500000000
  -1.93445600000000  0.454500000000000 -1.14235800000000
  -2.12161500000000  0.454500000000000 -1.40708400000000
  -2.30877500000000  0.454500000000000 -1.67181000000000
  -2.49593400000000  0.454500000000000 -1.93653700000000
  -2.68309300000000  0.454500000000000 -2.20126300000000
  -2.87025300000000  0.454500000000000 -2.46598900000000
  -3.05741200000000  0.454500000000000 -2.73071600000000
  -3.24457100000000  0.454500000000000 -2.99544200000000
  -3.43173100000000  0.454500000000000 -3.26016800000000
  -3.61889000000000  0.454500000000000 -3.52489500000000
  -3.80605000000000  0.454500000000000 -3.78962100000000
  -3.99320900000000  0.454500000000000 -4.05434700000000
  -4.18036800000000  0.454500000000000 -4.31907400000000
  -0.811500000000000  0.569500000000000  0.976000000000000
  -0.905079700000000  0.684129900000000  1.04218200000000
  -0.998659300000000  0.798759700000000  1.10836300000000
  -1.18581900000000  1.02801900000000  1.24072600000000
  -1.37297800000000  1.25727900000000  1.37308900000000
  -1.56013700000000  1.48653900000000  1.50545300000000
  -1.74729700000000  1.71579900000000  1.63781600000000
  -1.93445600000000  1.94505800000000  1.77017900000000
  -2.12161500000000  2.17431800000000  1.90254200000000
  -2.30877500000000  2.40357800000000  2.03490500000000
  -2.49593400000000  2.63283700000000  2.16726800000000
  -2.68309300000000  2.86209700000000  2.29963200000000
  -2.87025300000000  3.09135700000000  2.43199500000000
  -3.05741200000000  3.32061600000000  2.56435800000000
  -3.24457100000000  3.54987600000000  2.69672100000000
  -3.43173100000000  3.77913600000000  2.82908400000000
  -3.61889000000000  4.00839600000000  2.96144700000000
  -3.80605000000000  4.23765500000000  3.09381000000000
  -3.99320900000000  4.46691500000000  3.22617400000000
  -4.18036800000000  4.69617500000000  3.35853700000000
  -0.571500000000000  0.406333300000000  0.846666700000000
  -0.811500000000000  6.950000000000001E-002  0.816000000000000
  -0.905079700000000 -4.512985000000000E-002  0.882181600000000
  -0.998659300000000 -0.159759700000000  0.948363200000000
  -1.18581900000000 -0.389019400000000  1.08072600000000
  -1.37297800000000 -0.618279100000000  1.21308900000000
  -1.56013700000000 -0.847538800000000  1.34545300000000
  -1.74729700000000 -1.07679900000000  1.47781600000000
  -1.93445600000000 -1.30605800000000  1.61017900000000
  -2.12161500000000 -1.53531800000000  1.74254200000000
  -2.30877500000000 -1.76457800000000  1.87490500000000
  -2.49593400000000 -1.99383700000000  2.00726800000000
  -2.68309300000000 -2.22309700000000  2.13963200000000
  -2.87025300000000 -2.45235700000000  2.27199500000000
  -3.05741200000000 -2.68161600000000  2.40435800000000
  -3.24457100000000 -2.91087600000000  2.53672100000000
  -3.43173100000000 -3.14013600000000  2.66908400000000
  -3.61889000000000 -3.36939600000000  2.80144700000000
  -3.80605000000000 -3.59865500000000  2.93381000000000
  -3.99320900000000 -3.82791500000000  3.06617400000000
  -4.18036800000000 -4.05717500000000  3.19853700000000
   0.381000000000000 -0.548550000000000 -1.01600000000000
   0.381000000000000 -0.548550000000000 -1.24648000000000
   0.571500000000000 -0.142216700000000  1.01600000000000
   0.571500000000000 -0.142216700000000  1.34620000000000
  -0.159535000000000 -0.462980000000000  1.24353000000000
   0.000000000000000 -0.462980000000000  1.24353000000000
   0.159535000000000 -0.462980000000000  1.24353000000000
  -0.159535000000000 -0.231490000000000  1.24353000000000
   0.000000000000000 -0.231490000000000  1.24353000000000
   0.159535000000000 -0.231490000000000  1.24353000000000
  -0.159535000000000  0.000000000000000  1.24353000000000
   0.000000000000000  0.000000000000000  1.24353000000000
   0.159535000000000  0.000000000000000  1.24353000000000
  -0.159535000000000 -0.462980000000000  1.12976500000000
  -0.159535000000000 -0.231490000000000  1.12976500000000
  -0.159535000000000  0.000000000000000  1.12976500000000
   0.159535000000000 -0.462980000000000  1.12976500000000
   0.159535000000000 -0.231490000000000  1.12976500000000
   0.159535000000000  0.000000000000000  1.12976500000000
   0.000000000000000 -0.462980000000000  1.12976500000000
   0.000000000000000  0.000000000000000  1.12976500000000
  -0.484500000000000 -0.234500000000000 -1.26187000000000
  -0.101825000000000 -0.234500000000000 -1.26187000000000
   0.280850000000000 -0.234500000000000 -1.26187000000000
  -0.484500000000000 -2.482500000000000E-002 -1.26187000000000
  -0.101825000000000 -2.482500000000000E-002 -1.26187000000000
   0.280850000000000 -2.482500000000000E-002 -1.26187000000000
  -0.484500000000000  0.184850000000000 -1.26187000000000
  -0.101825000000000  0.184850000000000 -1.26187000000000
   0.280850000000000  0.184850000000000 -1.26187000000000
  -0.101825000000000 -0.234500000000000 -1.01600000000000
  -0.101825000000000  0.184850000000000 -1.01600000000000
  -0.484500000000000 -0.234500000000000 -1.13893500000000
  -0.484500000000000 -2.482500000000000E-002 -1.13893500000000
  -0.484500000000000  0.184850000000000 -1.13893500000000
   0.280850000000000 -0.234500000000000 -1.13893500000000
   0.280850000000000 -2.482500000000000E-002 -1.13893500000000
   0.280850000000000  0.184850000000000 -1.13893500000000
  -0.101825000000000 -0.234500000000000 -1.13893500000000
  -0.101825000000000  0.184850000000000 -1.13893500000000
  -0.484500000000000  0.571945300000000 -1.12858200000000
  -0.101825000000000  0.571945300000000 -1.12858200000000
   0.280850000000000  0.571945300000000 -1.12858200000000
  -0.571500000000000 -0.758034900000000 -0.867465100000000
  -0.381000000000000 -0.758034900000000 -0.867465100000000
  -0.190500000000000 -0.758034900000000 -0.867465100000000
   0.000000000000000 -0.758034900000000 -0.867465100000000
   0.190500000000000 -0.758034900000000 -0.867465100000000
   0.381000000000000 -0.758034900000000 -0.867465100000000
   0.571500000000000 -0.758034900000000 -0.867465100000000
  -5.05144000000000 -0.720901100000000 -0.978866300000000
  -1.13149300000000 -0.753393100000000 -1.01135800000000
  -1.69148500000000 -0.748751400000000 -1.00671700000000
  -2.25147800000000 -0.744109700000000 -1.00207500000000
  -2.81147000000000 -0.739468000000000 -0.997433100000000
  -3.37146300000000 -0.734826300000000 -0.992791400000000
  -3.93145500000000 -0.730184600000000 -0.988149700000000
  -4.49144800000000 -0.725542900000000 -0.983508000000000
  -5.05144000000000 -0.646633700000000 -0.978866300000000
  -1.13149300000000 -0.614141700000000 -1.01135800000000
  -1.69148500000000 -0.618783400000000 -1.00671700000000
  -2.25147800000000 -0.623425100000000 -1.00207500000000
  -2.81147000000000 -0.628066900000000 -0.997433100000000
  -3.37146300000000 -0.632708600000000 -0.992791400000000
  -3.93145500000000 -0.637350300000000 -0.988149700000000
  -4.49144800000000 -0.641992000000000 -0.983508000000000
  -5.05144000000000 -0.646633700000000 -0.904598900000000
  -1.13149300000000 -0.614141700000000 -0.872106900000000
  -1.69148500000000 -0.618783400000000 -0.876748600000000
  -2.25147800000000 -0.623425100000000 -0.881390300000000
  -2.81147000000000 -0.628066900000000 -0.886032000000000
  -3.37146300000000 -0.632708600000000 -0.890673700000000
  -3.93145500000000 -0.637350300000000 -0.895315400000000
  -4.49144800000000 -0.641992000000000 -0.899957100000000
  -5.05144000000000 -0.720901100000000 -0.904598900000000
  -1.13149300000000 -0.753393100000000 -0.872106900000000
  -1.69148500000000 -0.748751400000000 -0.876748600000000
  -2.25147800000000 -0.744109700000000 -0.881390300000000
  -2.81147000000000 -0.739468000000000 -0.886032000000000
  -3.37146300000000 -0.734826300000000 -0.890673700000000
  -3.93145500000000 -0.730184600000000 -0.895315400000000
  -4.49144800000000 -0.725542900000000 -0.899957100000000
  -0.571500000000000  0.406333300000000  0.508000000000000
  -0.571500000000000  0.609500000000000  0.423333300000000
  -0.571500000000000 -0.609500000000000  0.846666700000000
  -0.571500000000000 -0.406333300000000  0.846666700000000
  -0.571500000000000 -0.203166700000000  0.846666700000000
  -0.571500000000000  0.000000000000000  0.846666700000000
  -0.571500000000000  0.203166700000000  0.846666700000000
  -0.571500000000000  0.609500000000000  0.705555600000000
  -0.571500000000000  0.507916700000000  0.776111100000000
  -0.571500000000000  0.507916700000000  0.620888900000000
  -0.571500000000000  0.507916700000000  0.465666700000000
  -0.711500000000000  0.454500000000000  0.576000000000000
  -0.711500000000000  0.459500000000000  0.898000000000000
  -0.711500000000000  0.179500000000000  0.746000000000000
  -0.571500000000000  0.304750000000000  0.677333300000000
  -0.571500000000000  0.304750000000000  0.846666700000000
   1  2  9  0
   9  8  1  0
   2  3  10  0
   10  9  2  0
   3  4  11  0
   11  10  3  0
   4  5  12  0
   12  11  4  0
   5  6  13  0
   13  12  5  0
   6  7  14  0
   14  13  6  0
   16  15  8  0
   8  9  16  0
   17  12  13  0
   13  18  17  0
   13  14  19  0
   19  18  13  0
   15  16  21  0
   21  20  15  0
   18  23  22  0
   22  17  18  0
   18  19  24  0
   24  23  18  0
   26  25  20  0
   20  21  26  0
   27  22  23  0
   23  28  27  0
   23  24  29  0
   29  28  23  0
   25  26  31  0
   31  30  25  0
   28  35  34  0
   34  27  28  0
   28  29  36  0
   36  35  28  0
   30  31  38  0
   38  37  30  0
   31  32  39  0
   39  38  31  0
   32  33  40  0
   40  39  32  0
   33  34  41  0
   41  40  33  0
   34  35  42  0
   42  41  34  0
   35  36  43  0
   43  42  35  0
   51  52  45  0
   45  44  51  0
   46  45  52  0
   52  53  46  0
   53  54  47  0
   47  46  53  0
   55  48  47  0
   47  54  55  0
   48  55  56  0
   56  49  48  0
   56  57  50  0
   50  49  56  0
   58  59  52  0
   52  51  58  0
   52  59  60  0
   60  53  52  0
   56  55  61  0
   61  62  56  0
   62  63  57  0
   57  56  62  0
   64  65  59  0
   59  58  64  0
   59  65  66  0
   66  60  59  0
   62  61  68  0
   68  69  62  0
   69  70  63  0
   63  62  69  0
   71  72  65  0
   65  64  71  0
   73  66  65  0
   65  72  73  0
   66  73  74  0
   74  67  66  0
   68  67  74  0
   74  75  68  0
   75  76  69  0
   69  68  75  0
   76  77  70  0
   70  69  76  0
   78  79  72  0
   72  71  78  0
   79  80  73  0
   73  72  79  0
   80  81  74  0
   74  73  80  0
   81  82  75  0
   75  74  81  0
   82  83  76  0
   76  75  82  0
   83  84  77  0
   77  76  83  0
   85  86  79  0
   79  78  85  0
   86  87  80  0
   80  79  86  0
   87  88  81  0
   81  80  87  0
   88  89  82  0
   82  81  88  0
   89  90  83  0
   83  82  89  0
   90  91  84  0
   84  83  90  0
   92  1  8  0
   8  93  92  0
   8  15  94  0
   94  93  8  0
   15  20  95  0
   95  94  15  0
   20  25  96  0
   96  95  20  0
   25  30  97  0
   97  96  25  0
   37  98  97  0
   97  30  37  0
   93  100  99  0
   99  92  93  0
   93  94  101  0
   101  100  93  0
   94  95  102  0
   102  101  94  0
   95  96  103  0
   103  102  95  0
   96  97  104  0
   104  103  96  0
   98  105  104  0
   104  97  98  0
   99  100  107  0
   107  106  99  0
   100  101  108  0
   108  107  100  0
   101  102  109  0
   109  108  101  0
   102  103  110  0
   110  109  102  0
   103  104  111  0
   111  110  103  0
   105  112  111  0
   111  104  105  0
   106  107  114  0
   114  113  106  0
   107  108  115  0
   115  114  107  0
   108  109  116  0
   116  115  108  0
   109  110  117  0
   117  116  109  0
   110  111  118  0
   118  117  110  0
   119  118  111  0
   111  112  119  0
   113  114  121  0
   121  120  113  0
   114  115  122  0
   122  121  114  0
   115  116  123  0
   123  122  115  0
   116  117  124  0
   124  123  116  0
   117  118  125  0
   125  124  117  0
   126  125  118  0
   118  119  126  0
   120  121  51  0
   51  44  120  0
   121  122  58  0
   58  51  121  0
   122  123  64  0
   64  58  122  0
   123  124  71  0
   71  64  123  0
   124  125  78  0
   78  71  124  0
   85  78  125  0
   125  126  85  0
   127  128  14  0
   14  7  127  0
   128  129  19  0
   19  14  128  0
   129  130  24  0
   24  19  129  0
   130  131  29  0
   29  24  130  0
   131  132  36  0
   36  29  131  0
   43  36  132  0
   132  133  43  0
   128  127  134  0
   134  135  128  0
   135  136  129  0
   129  128  135  0
   136  137  130  0
   130  129  136  0
   137  138  131  0
   131  130  137  0
   138  139  132  0
   132  131  138  0
   133  132  139  0
   139  140  133  0
   141  142  135  0
   135  134  141  0
   142  143  136  0
   136  135  142  0
   143  144  137  0
   137  136  143  0
   144  145  138  0
   138  137  144  0
   145  146  139  0
   139  138  145  0
   140  139  146  0
   146  147  140  0
   148  149  142  0
   142  141  148  0
   149  150  143  0
   143  142  149  0
   150  151  144  0
   144  143  150  0
   151  152  145  0
   145  144  151  0
   152  153  146  0
   146  145  152  0
   154  147  146  0
   146  153  154  0
   155  156  149  0
   149  148  155  0
   156  157  150  0
   150  149  156  0
   157  158  151  0
   151  150  157  0
   158  159  152  0
   152  151  158  0
   159  160  153  0
   153  152  159  0
   161  154  153  0
   153  160  161  0
   50  57  156  0
   156  155  50  0
   57  63  157  0
   157  156  57  0
   63  70  158  0
   158  157  63  0
   70  77  159  0
   159  158  70  0
   77  84  160  0
   160  159  77  0
   91  161  160  0
   160  84  91  0
   92  99  163  0
   163  162  92  0
   99  106  164  0
   164  163  99  0
   106  113  165  0
   165  164  106  0
   113  120  166  0
   166  165  113  0
   120  44  45  0
   45  166  120  0
   162  163  168  0
   168  167  162  0
   163  164  169  0
   169  168  163  0
   164  165  170  0
   170  169  164  0
   165  166  171  0
   171  170  165  0
   166  45  46  0
   46  171  166  0
   167  168  173  0
   173  172  167  0
   168  169  174  0
   174  173  168  0
   169  170  175  0
   175  174  169  0
   170  171  176  0
   176  175  170  0
   171  46  47  0
   47  176  171  0
   172  173  178  0
   178  177  172  0
   173  174  179  0
   179  178  173  0
   174  175  180  0
   180  179  174  0
   175  176  181  0
   181  180  175  0
   176  47  48  0
   48  181  176  0
   177  178  183  0
   183  182  177  0
   178  179  184  0
   184  183  178  0
   179  180  185  0
   185  184  179  0
   180  181  186  0
   186  185  180  0
   181  48  49  0
   49  186  181  0
   182  183  134  0
   134  127  182  0
   183  184  141  0
   141  134  183  0
   184  185  148  0
   148  141  184  0
   185  186  155  0
   155  148  185  0
   186  49  50  0
   50  155  186  0
   38  187  98  0
   98  37  38  0
   187  188  105  0
   105  98  187  0
   188  189  112  0
   112  105  188  0
   189  190  119  0
   119  112  189  0
   190  191  126  0
   126  119  190  0
   191  86  85  0
   85  126  191  0
   39  192  187  0
   187  38  39  0
   192  193  188  0
   188  187  192  0
   193  194  189  0
   189  188  193  0
   194  195  190  0
   190  189  194  0
   195  196  191  0
   191  190  195  0
   196  87  86  0
   86  191  196  0
   40  197  192  0
   192  39  40  0
   197  198  193  0
   193  192  197  0
   198  199  194  0
   194  193  198  0
   199  200  195  0
   195  194  199  0
   200  201  196  0
   196  195  200  0
   201  88  87  0
   87  196  201  0
   41  202  197  0
   197  40  41  0
   202  203  198  0
   198  197  202  0
   203  204  199  0
   199  198  203  0
   204  205  200  0
   200  199  204  0
   205  206  201  0
   201  200  205  0
   206  89  88  0
   88  201  206  0
   42  207  202  0
   202  41  42  0
   207  208  203  0
   203  202  207  0
   208  209  204  0
   204  203  208  0
   209  210  205  0
   205  204  209  0
   210  211  206  0
   206  205  210  0
   211  90  89  0
   89  206  211  0
   43  133  207  0
   207  42  43  0
   133  140  208  0
   208  207  133  0
   140  147  209  0
   209  208  140  0
   147  154  210  0
   210  209  147  0
   154  161  211  0
   211  210  154  0
   161  91  90  0
   90  211  161  0
   225  226  217  0
   217  216  225  0
   226  227  218  0
   218  217  226  0
   227  228  219  0
   219  218  227  0
   228  229  220  0
   220  219  228  0
   229  230  221  0
   221  220  229  0
   230  231  222  0
   222  221  230  0
   231  232  223  0
   223  222  231  0
   232  233  224  0
   224  223  232  0
   234  235  226  0
   226  225  234  0
   235  236  227  0
   227  226  235  0
   236  237  228  0
   228  227  236  0
   237  238  229  0
   229  228  237  0
   238  239  230  0
   230  229  238  0
   239  240  231  0
   231  230  239  0
   240  241  232  0
   232  231  240  0
   241  242  233  0
   233  232  241  0
   243  244  235  0
   235  234  243  0
   244  245  236  0
   236  235  244  0
   245  246  237  0
   237  236  245  0
   246  247  238  0
   238  237  246  0
   247  248  239  0
   239  238  247  0
   248  249  240  0
   240  239  248  0
   249  250  241  0
   241  240  249  0
   250  251  242  0
   242  241  250  0
   252  253  244  0
   244  243  252  0
   253  254  245  0
   245  244  253  0
   254  255  246  0
   246  245  254  0
   255  256  247  0
   247  246  255  0
   256  257  248  0
   248  247  256  0
   257  258  249  0
   249  248  257  0
   258  259  250  0
   250  249  258  0
   259  260  251  0
   251  250  259  0
   261  262  253  0
   253  252  261  0
   262  263  254  0
   254  253  262  0
   263  264  255  0
   255  254  263  0
   264  265  256  0
   256  255  264  0
   265  266  257  0
   257  256  265  0
   266  267  258  0
   258  257  266  0
   267  268  259  0
   259  258  267  0
   268  269  260  0
   260  259  268  0
   270  271  262  0
   262  261  270  0
   271  272  263  0
   263  262  271  0
   272  273  264  0
   264  263  272  0
   273  274  265  0
   265  264  273  0
   274  275  266  0
   266  265  274  0
   275  276  267  0
   267  266  275  0
   276  277  268  0
   268  267  276  0
   277  278  269  0
   269  268  277  0
   288  289  280  0
   280  279  288  0
   289  290  281  0
   281  280  289  0
   290  291  282  0
   282  281  290  0
   291  292  283  0
   283  282  291  0
   292  293  284  0
   284  283  292  0
   293  294  285  0
   285  284  293  0
   294  295  286  0
   286  285  294  0
   295  296  287  0
   287  286  295  0
   297  298  289  0
   289  288  297  0
   298  299  290  0
   290  289  298  0
   299  300  291  0
   291  290  299  0
   300  301  292  0
   292  291  300  0
   301  302  293  0
   293  292  301  0
   302  303  294  0
   294  293  302  0
   303  304  295  0
   295  294  303  0
   304  305  296  0
   296  295  304  0
   306  307  298  0
   298  297  306  0
   307  308  299  0
   299  298  307  0
   308  309  300  0
   300  299  308  0
   309  310  301  0
   301  300  309  0
   310  311  302  0
   302  301  310  0
   311  312  303  0
   303  302  311  0
   312  313  304  0
   304  303  312  0
   313  314  305  0
   305  304  313  0
   315  316  307  0
   307  306  315  0
   316  317  308  0
   308  307  316  0
   317  318  309  0
   309  308  317  0
   318  319  310  0
   310  309  318  0
   319  320  311  0
   311  310  319  0
   320  321  312  0
   312  311  320  0
   321  322  313  0
   313  312  321  0
   322  323  314  0
   314  313  322  0
   324  325  316  0
   316  315  324  0
   325  326  317  0
   317  316  325  0
   326  327  318  0
   318  317  326  0
   327  328  319  0
   319  318  327  0
   328  329  320  0
   320  319  328  0
   329  330  321  0
   321  320  329  0
   330  331  322  0
   322  321  330  0
   331  332  323  0
   323  322  331  0
   333  334  325  0
   325  324  333  0
   334  335  326  0
   326  325  334  0
   335  336  327  0
   327  326  335  0
   336  337  328  0
   328  327  336  0
   337  338  329  0
   329  328  337  0
   338  339  330  0
   330  329  338  0
   339  340  331  0
   331  330  339  0
   340  341  332  0
   332  331  340  0
   347  348  342  0
   342  346  347  0
   349  350  343  0
   343  348  349  0
   351  352  344  0
   344  350  351  0
   353  346  345  0
   345  352  353  0
   347  346  354  0
   354  355  347  0
   347  355  356  0
   356  348  347  0
   349  348  356  0
   356  357  349  0
   349  357  358  0
   358  350  349  0
   351  350  358  0
   358  359  351  0
   351  359  360  0
   360  352  351  0
   353  352  360  0
   360  361  353  0
   353  361  354  0
   354  346  353  0
   355  354  362  0
   362  363  355  0
   355  363  364  0
   364  356  355  0
   357  356  364  0
   364  365  357  0
   358  357  365  0
   365  366  358  0
   358  366  367  0
   367  359  358  0
   359  367  368  0
   368  360  359  0
   360  368  369  0
   369  361  360  0
   361  369  362  0
   362  354  361  0
   399  398  1  0
   1  2  399  0
   400  399  2  0
   2  3  400  0
   401  400  3  0
   3  4  401  0
   402  401  4  0
   4  5  402  0
   403  402  5  0
   5  6  403  0
   404  403  6  0
   6  7  404  0
   473  474  471  0
   471  470  473  0
   474  475  472  0
   472  471  474  0
   476  477  474  0
   474  473  476  0
   477  478  475  0
   475  474  477  0
   479  53  60  0
   60  480  479  0
   480  60  66  0
   66  481  480  0
   479  480  473  0
   473  470  479  0
   480  481  476  0
   476  473  480  0
   482  483  61  0
   61  55  482  0
   483  484  68  0
   68  61  483  0
   472  475  483  0
   483  482  472  0
   475  478  484  0
   484  483  475  0
   479  485  54  0
   54  53  479  0
   479  470  471  0
   471  485  479  0
   482  55  54  0
   54  485  482  0
   485  471  472  0
   472  482  485  0
   481  66  67  0
   67  486  481  0
   486  477  476  0
   476  481  486  0
   484  486  67  0
   67  68  484  0
   484  478  477  0
   477  486  484  0
   487  488  491  0
   491  490  487  0
   488  489  492  0
   492  491  488  0
   490  491  494  0
   494  493  490  0
   491  492  495  0
   495  494  491  0
   487  490  499  0
   499  498  487  0
   490  493  500  0
   500  499  490  0
   499  21  16  0
   16  498  499  0
   21  499  500  0
   500  26  21  0
   501  502  492  0
   492  489  501  0
   502  503  495  0
   495  492  502  0
   502  501  17  0
   17  22  502  0
   22  27  503  0
   503  502  22  0
   487  498  504  0
   504  488  487  0
   16  496  504  0
   504  498  16  0
   488  504  501  0
   501  489  488  0
   17  501  504  0
   504  496  17  0
   494  505  500  0
   500  493  494  0
   26  500  505  0
   505  497  26  0
   495  503  505  0
   505  494  495  0
   27  497  505  0
   505  503  27  0
   92  162  510  0
   510  509  92  0
   162  167  511  0
   511  510  162  0
   167  172  512  0
   512  511  167  0
   172  177  513  0
   513  512  172  0
   177  182  514  0
   514  513  177  0
   182  127  515  0
   515  514  182  0
   510  509  398  0
   398  399  510  0
   511  510  399  0
   399  400  511  0
   512  511  400  0
   400  401  512  0
   513  512  401  0
   401  402  513  0
   514  513  402  0
   402  403  514  0
   515  514  403  0
   403  404  515  0
   404  7  127  0
   127  515  404  0
   540  532  539  0
   539  547  540  0
   539  538  546  0
   546  547  539  0
   538  537  545  0
   545  546  538  0
   537  536  544  0
   544  545  537  0
   536  535  543  0
   543  544  536  0
   535  534  542  0
   542  543  535  0
   542  534  533  0
   533  541  542  0
   541  533  92  0
   92  509  541  0
   540  547  523  0
   523  516  540  0
   547  546  522  0
   522  523  547  0
   546  545  521  0
   521  522  546  0
   545  544  520  0
   520  521  545  0
   520  544  543  0
   543  519  520  0
   519  543  542  0
   542  518  519  0
   542  541  517  0
   517  518  542  0
   517  541  509  0
   509  398  517  0
   516  523  531  0
   531  524  516  0
   523  522  530  0
   530  531  523  0
   522  521  529  0
   529  530  522  0
   521  520  528  0
   528  529  521  0
   528  520  519  0
   519  527  528  0
   519  518  526  0
   526  527  519  0
   518  517  525  0
   525  526  518  0
   517  398  1  0
   1  525  517  0
   532  524  531  0
   531  539  532  0
   531  530  538  0
   538  539  531  0
   530  529  537  0
   537  538  530  0
   529  528  536  0
   536  537  529  0
   528  527  535  0
   535  536  528  0
   527  526  534  0
   534  535  527  0
   534  526  525  0
   525  533  534  0
   525  1  92  0
   92  533  525  0
   532  540  516  0
   516  524  532  0
   348  343  342  0
   350  344  343  0
   352  345  344  0
   346  342  345  0
