563 406
-5.715000e-001 -6.095000e-001 -1.016000e+000
-3.810000e-001 -6.095000e-001 -1.016000e+000
-1.905000e-001 -6.095000e-001 -1.016000e+000
 0.000000e+000 -6.095000e-001 -1.016000e+000
 1.905000e-001 -6.095000e-001 -1.016000e+000
 3.810000e-001 -6.095000e-001 -1.016000e+000
 5.715000e-001 -6.095000e-001 -1.016000e+000
-5.715000e-001 -4.063333e-001 -1.016000e+000
-3.810000e-001 -4.063333e-001 -1.016000e+000
-1.905000e-001 -4.063333e-001 -1.016000e+000
 0.000000e+000 -4.063333e-001 -1.016000e+000
 1.905000e-001 -4.063333e-001 -1.016000e+000
 3.810000e-001 -4.063333e-001 -1.016000e+000
 5.715000e-001 -4.063333e-001 -1.016000e+000
-5.715000e-001 -2.031667e-001 -1.016000e+000
-4.610000e-001 -2.431667e-001 -1.016000e+000
 2.705000e-001 -2.431667e-001 -1.016000e+000
 3.810000e-001 -2.031667e-001 -1.016000e+000
 5.715000e-001 -2.031667e-001 -1.016000e+000
-5.715000e-001  0.000000e+000 -1.016000e+000
-4.610000e-001  0.000000e+000 -1.016000e+000
 2.705000e-001  0.000000e+000 -1.016000e+000
 3.810000e-001  0.000000e+000 -1.016000e+000
 5.715000e-001  0.000000e+000 -1.016000e+000
-5.715000e-001  2.031667e-001 -1.016000e+000
-4.610000e-001  1.631667e-001 -1.016000e+000
 2.705000e-001  1.631667e-001 -1.016000e+000
 3.810000e-001  2.031667e-001 -1.016000e+000
 5.715000e-001  2.031667e-001 -1.016000e+000
-5.715000e-001  4.063333e-001 -1.016000e+000
-3.810000e-001  4.063333e-001 -1.016000e+000
-1.905000e-001  4.063333e-001 -1.016000e+000
 0.000000e+000  4.063333e-001 -1.016000e+000
 1.905000e-001  4.063333e-001 -1.016000e+000
 3.810000e-001  4.063333e-001 -1.016000e+000
 5.715000e-001  4.063333e-001 -1.016000e+000
-5.715000e-001  6.095000e-001 -8.466667e-001
-3.810000e-001  6.095000e-001 -8.466667e-001
-1.905000e-001  6.095000e-001 -8.466667e-001
 0.000000e+000  6.095000e-001 -8.466667e-001
 1.905000e-001  6.095000e-001 -8.466667e-001
 3.810000e-001  6.095000e-001 -8.466667e-001
 5.715000e-001  6.095000e-001 -8.466667e-001
-5.715000e-001 -6.095000e-001  1.016000e+000
-3.810000e-001 -6.095000e-001  1.016000e+000
-1.905000e-001 -6.095000e-001  1.016000e+000
 0.000000e+000 -6.095000e-001  1.016000e+000
 1.905000e-001 -6.095000e-001  1.016000e+000
 3.810000e-001 -6.095000e-001  1.016000e+000
 5.715000e-001 -6.095000e-001  1.016000e+000
-5.715000e-001 -4.063333e-001  1.016000e+000
-3.810000e-001 -4.063333e-001  1.016000e+000
-1.605000e-001 -4.663333e-001  1.016000e+000
 0.000000e+000 -4.663333e-001  1.016000e+000
 1.605000e-001 -4.663333e-001  1.016000e+000
 3.810000e-001 -4.063333e-001  1.016000e+000
 5.715000e-001 -4.063333e-001  1.016000e+000
-5.715000e-001 -2.031667e-001  1.016000e+000
-3.810000e-001 -2.031667e-001  1.016000e+000
-1.605000e-001 -2.331667e-001  1.016000e+000
 1.605000e-001 -2.331667e-001  1.016000e+000
 3.810000e-001 -2.031667e-001  1.016000e+000
 5.715000e-001 -2.031667e-001  1.016000e+000
-5.715000e-001  0.000000e+000  1.016000e+000
-3.810000e-001  0.000000e+000  1.016000e+000
-1.605000e-001  0.000000e+000  1.016000e+000
 0.000000e+000  0.000000e+000  1.016000e+000
 1.605000e-001  0.000000e+000  1.016000e+000
 3.810000e-001  0.000000e+000  1.016000e+000
 5.715000e-001  0.000000e+000  1.016000e+000
-5.715000e-001  2.031667e-001  1.016000e+000
-3.810000e-001  2.031667e-001  1.016000e+000
-1.905000e-001  2.031667e-001  1.016000e+000
 0.000000e+000  2.031667e-001  1.016000e+000
 1.905000e-001  2.031667e-001  1.016000e+000
 3.810000e-001  2.031667e-001  1.016000e+000
 5.715000e-001  2.031667e-001  1.016000e+000
-5.715000e-001  4.063333e-001  1.016000e+000
-3.810000e-001  4.063333e-001  1.016000e+000
-1.905000e-001  4.063333e-001  1.016000e+000
 0.000000e+000  4.063333e-001  1.016000e+000
 1.905000e-001  4.063333e-001  1.016000e+000
 3.810000e-001  4.063333e-001  1.016000e+000
 5.715000e-001  4.063333e-001  1.016000e+000
-5.715000e-001  6.095000e-001  8.466667e-001
-3.810000e-001  6.095000e-001  8.466667e-001
-1.905000e-001  6.095000e-001  8.466667e-001
 0.000000e+000  6.095000e-001  8.466667e-001
 1.905000e-001  6.095000e-001  8.466667e-001
 3.810000e-001  6.095000e-001  8.466667e-001
 5.715000e-001  6.095000e-001  8.466667e-001
-5.715000e-001 -6.095000e-001 -8.674651e-001
-5.715000e-001 -4.063333e-001 -6.773333e-001
-5.715000e-001 -2.031667e-001 -6.773333e-001
-5.715000e-001  0.000000e+000 -6.773333e-001
-5.715000e-001  2.031667e-001 -6.773333e-001
-5.715000e-001  4.063333e-001 -6.773333e-001
-5.715000e-001  6.095000e-001 -5.644444e-001
-5.715000e-001 -6.095000e-001 -3.386667e-001
-5.715000e-001 -4.063333e-001 -3.386667e-001
-5.715000e-001 -2.031667e-001 -3.386667e-001
-5.715000e-001  0.000000e+000 -3.386667e-001
-5.715000e-001  2.031667e-001 -3.386667e-001
-5.715000e-001  4.063333e-001 -3.386667e-001
-5.715000e-001  6.095000e-001 -2.822222e-001
-5.715000e-001 -6.095000e-001  0.000000e+000
-5.715000e-001 -4.063333e-001  0.000000e+000
-5.715000e-001 -2.031667e-001  0.000000e+000
-5.715000e-001  0.000000e+000  0.000000e+000
-5.715000e-001  2.031667e-001  0.000000e+000
-5.715000e-001  4.063333e-001  0.000000e+000
-5.715000e-001  6.095000e-001  0.000000e+000
-5.715000e-001 -6.095000e-001  3.386667e-001
-5.715000e-001 -4.063333e-001  3.386667e-001
-5.715000e-001 -2.031667e-001  3.386667e-001
-5.715000e-001  0.000000e+000  3.386667e-001
-5.715000e-001  2.031667e-001  3.386667e-001
-5.715000e-001  4.063333e-001  3.386667e-001
-5.715000e-001  6.095000e-001  2.822222e-001
-5.715000e-001 -6.095000e-001  6.773333e-001
-5.715000e-001 -4.063333e-001  6.773333e-001
-5.715000e-001 -2.031667e-001  6.773333e-001
-5.715000e-001  0.000000e+000  6.773333e-001
-5.715000e-001  2.031667e-001  6.773333e-001
-5.715000e-001  4.063333e-001  6.773333e-001
-5.715000e-001  6.095000e-001  5.644444e-001
 5.715000e-001 -6.095000e-001 -8.674651e-001
 5.715000e-001 -4.063333e-001 -6.773333e-001
 5.715000e-001 -2.031667e-001 -6.773333e-001
 5.715000e-001  0.000000e+000 -6.773333e-001
 5.715000e-001  2.031667e-001 -6.773333e-001
 5.715000e-001  4.063333e-001 -6.773333e-001
 5.715000e-001  6.095000e-001 -5.644444e-001
 5.715000e-001 -6.095000e-001 -3.386667e-001
 5.715000e-001 -4.063333e-001 -3.386667e-001
 5.715000e-001 -2.031667e-001 -3.386667e-001
 5.715000e-001  0.000000e+000 -3.386667e-001
 5.715000e-001  2.031667e-001 -3.386667e-001
 5.715000e-001  4.063333e-001 -3.386667e-001
 5.715000e-001  6.095000e-001 -2.822222e-001
 5.715000e-001 -6.095000e-001  0.000000e+000
 5.715000e-001 -4.063333e-001  0.000000e+000
 5.715000e-001 -2.031667e-001  0.000000e+000
 5.715000e-001  0.000000e+000  0.000000e+000
 5.715000e-001  2.031667e-001  0.000000e+000
 5.715000e-001  4.063333e-001  0.000000e+000
 5.715000e-001  6.095000e-001  0.000000e+000
 5.715000e-001 -6.095000e-001  3.386667e-001
 5.715000e-001 -4.063333e-001  3.386667e-001
 5.715000e-001 -2.031667e-001  3.386667e-001
 5.715000e-001  0.000000e+000  3.386667e-001
 5.715000e-001  2.031667e-001  3.386667e-001
 5.715000e-001  4.063333e-001  3.386667e-001
 5.715000e-001  6.095000e-001  2.822222e-001
 5.715000e-001 -6.095000e-001  6.773333e-001
 5.715000e-001 -4.063333e-001  6.773333e-001
 5.715000e-001 -2.031667e-001  6.773333e-001
 5.715000e-001  0.000000e+000  6.773333e-001
 5.715000e-001  2.031667e-001  6.773333e-001
 5.715000e-001  4.063333e-001  6.773333e-001
 5.715000e-001  6.095000e-001  5.644444e-001
-3.810000e-001 -6.095000e-001 -8.674651e-001
-3.810000e-001 -6.095000e-001 -3.386667e-001
-3.810000e-001 -6.095000e-001  0.000000e+000
-3.810000e-001 -6.095000e-001  3.386667e-001
-3.810000e-001 -6.095000e-001  6.773333e-001
-1.905000e-001 -6.095000e-001 -8.674651e-001
-1.905000e-001 -6.095000e-001 -3.386667e-001
-1.905000e-001 -6.095000e-001  0.000000e+000
-1.905000e-001 -6.095000e-001  3.386667e-001
-1.905000e-001 -6.095000e-001  6.773333e-001
 0.000000e+000 -6.095000e-001 -8.674651e-001
 0.000000e+000 -6.095000e-001 -3.386667e-001
 0.000000e+000 -6.095000e-001  0.000000e+000
 0.000000e+000 -6.095000e-001  3.386667e-001
 0.000000e+000 -6.095000e-001  6.773333e-001
 1.905000e-001 -6.095000e-001 -8.674651e-001
 1.905000e-001 -6.095000e-001 -3.386667e-001
 1.905000e-001 -6.095000e-001  0.000000e+000
 1.905000e-001 -6.095000e-001  3.386667e-001
 1.905000e-001 -6.095000e-001  6.773333e-001
 3.810000e-001 -6.095000e-001 -8.674651e-001
 3.810000e-001 -6.095000e-001 -3.386667e-001
 3.810000e-001 -6.095000e-001  0.000000e+000
 3.810000e-001 -6.095000e-001  3.386667e-001
 3.810000e-001 -6.095000e-001  6.773333e-001
-3.810000e-001  6.095000e-001 -5.644444e-001
-3.810000e-001  6.095000e-001 -2.822222e-001
-3.810000e-001  6.095000e-001  0.000000e+000
-3.810000e-001  6.095000e-001  2.822222e-001
-3.810000e-001  6.095000e-001  5.644444e-001
-1.905000e-001  6.095000e-001 -5.644444e-001
-1.905000e-001  6.095000e-001 -2.822222e-001
-1.905000e-001  6.095000e-001  0.000000e+000
-1.905000e-001  6.095000e-001  2.822222e-001
-1.905000e-001  6.095000e-001  5.644444e-001
 0.000000e+000  6.095000e-001 -5.644444e-001
 0.000000e+000  6.095000e-001 -2.822222e-001
 0.000000e+000  6.095000e-001  0.000000e+000
 0.000000e+000  6.095000e-001  2.822222e-001
 0.000000e+000  6.095000e-001  5.644444e-001
 1.905000e-001  6.095000e-001 -5.644444e-001
 1.905000e-001  6.095000e-001 -2.822222e-001
 1.905000e-001  6.095000e-001  0.000000e+000
 1.905000e-001  6.095000e-001  2.822222e-001
 1.905000e-001  6.095000e-001  5.644444e-001
 3.810000e-001  6.095000e-001 -5.644444e-001
 3.810000e-001  6.095000e-001 -2.822222e-001
 3.810000e-001  6.095000e-001  0.000000e+000
 3.810000e-001  6.095000e-001  2.822222e-001
 3.810000e-001  6.095000e-001  5.644444e-001
 5.715000e-001 -6.095000e-001  9.366667e-001
 5.715000e-001 -6.095000e-001  5.080000e-001
 5.715000e-001  6.095000e-001  2.193333e-001
 5.715000e-001  6.095000e-001 -2.193333e-001
 6.515000e-001 -6.615550e-001  3.564300e-001
 6.515000e-001 -9.792737e-001  3.564300e-001
 6.515000e-001 -1.296992e+000  3.564300e-001
 6.515000e-001 -1.614711e+000  3.564300e-001
 6.515000e-001 -1.932430e+000  3.564300e-001
 6.515000e-001 -2.250149e+000  3.564300e-001
 6.515000e-001 -2.567867e+000  3.564300e-001
 6.515000e-001 -2.885586e+000  3.564300e-001
 6.515000e-001 -3.203305e+000  3.564300e-001
 6.515000e-001 -6.615550e-001  4.796917e-001
 6.515000e-001 -9.792737e-001  4.796917e-001
 6.515000e-001 -1.296992e+000  4.796917e-001
 6.515000e-001 -1.614711e+000  4.796917e-001
 6.515000e-001 -1.932430e+000  4.796917e-001
 6.515000e-001 -2.250149e+000  4.796917e-001
 6.515000e-001 -2.567867e+000  4.796917e-001
 6.515000e-001 -2.885586e+000  4.796917e-001
 6.515000e-001 -3.203305e+000  4.796917e-001
 6.515000e-001 -6.615550e-001  6.029533e-001
 6.515000e-001 -9.792737e-001  6.029533e-001
 6.515000e-001 -1.296992e+000  6.029533e-001
 6.515000e-001 -1.614711e+000  6.029533e-001
 6.515000e-001 -1.932430e+000  6.029533e-001
 6.515000e-001 -2.250149e+000  6.029533e-001
 6.515000e-001 -2.567867e+000  6.029533e-001
 6.515000e-001 -2.885586e+000  6.029533e-001
 6.515000e-001 -3.203305e+000  6.029533e-001
 6.515000e-001 -6.615550e-001  7.262150e-001
 6.515000e-001 -9.792737e-001  7.262150e-001
 6.515000e-001 -1.296992e+000  7.262150e-001
 6.515000e-001 -1.614711e+000  7.262150e-001
 6.515000e-001 -1.932430e+000  7.262150e-001
 6.515000e-001 -2.250149e+000  7.262150e-001
 6.515000e-001 -2.567867e+000  7.262150e-001
 6.515000e-001 -2.885586e+000  7.262150e-001
 6.515000e-001 -3.203305e+000  7.262150e-001
 6.515000e-001 -6.615550e-001  8.494767e-001
 6.515000e-001 -9.792737e-001  8.494767e-001
 6.515000e-001 -1.296992e+000  8.494767e-001
 6.515000e-001 -1.614711e+000  8.494767e-001
 6.515000e-001 -1.932430e+000  8.494767e-001
 6.515000e-001 -2.250149e+000  8.494767e-001
 6.515000e-001 -2.567867e+000  8.494767e-001
 6.515000e-001 -2.885586e+000  8.494767e-001
 6.515000e-001 -3.203305e+000  8.494767e-001
 6.515000e-001 -6.615550e-001  9.727383e-001
 6.515000e-001 -9.792737e-001  9.727383e-001
 6.515000e-001 -1.296992e+000  9.727383e-001
 6.515000e-001 -1.614711e+000  9.727383e-001
 6.515000e-001 -1.932430e+000  9.727383e-001
 6.515000e-001 -2.250149e+000  9.727383e-001
 6.515000e-001 -2.567867e+000  9.727383e-001
 6.515000e-001 -2.885586e+000  9.727383e-001
 6.515000e-001 -3.203305e+000  9.727383e-001
 6.515000e-001 -6.615550e-001  1.096000e+000
 6.515000e-001 -9.792737e-001  1.096000e+000
 6.515000e-001 -1.296992e+000  1.096000e+000
 6.515000e-001 -1.614711e+000  1.096000e+000
 6.515000e-001 -1.932430e+000  1.096000e+000
 6.515000e-001 -2.250149e+000  1.096000e+000
 6.515000e-001 -2.567867e+000  1.096000e+000
 6.515000e-001 -2.885586e+000  1.096000e+000
 6.515000e-001 -3.203305e+000  1.096000e+000
 6.515000e-001  6.615550e-001 -3.735700e-001
 6.515000e-001  9.792737e-001 -3.735700e-001
 6.515000e-001  1.296992e+000 -3.735700e-001
 6.515000e-001  1.614711e+000 -3.735700e-001
 6.515000e-001  1.932430e+000 -3.735700e-001
 6.515000e-001  2.250149e+000 -3.735700e-001
 6.515000e-001  2.567867e+000 -3.735700e-001
 6.515000e-001  2.885586e+000 -3.735700e-001
 6.515000e-001  3.203305e+000 -3.735700e-001
 6.515000e-001  6.615550e-001 -2.503083e-001
 6.515000e-001  9.792737e-001 -2.503083e-001
 6.515000e-001  1.296992e+000 -2.503083e-001
 6.515000e-001  1.614711e+000 -2.503083e-001
 6.515000e-001  1.932430e+000 -2.503083e-001
 6.515000e-001  2.250149e+000 -2.503083e-001
 6.515000e-001  2.567867e+000 -2.503083e-001
 6.515000e-001  2.885586e+000 -2.503083e-001
 6.515000e-001  3.203305e+000 -2.503083e-001
 6.515000e-001  6.615550e-001 -1.270467e-001
 6.515000e-001  9.792737e-001 -1.270467e-001
 6.515000e-001  1.296992e+000 -1.270467e-001
 6.515000e-001  1.614711e+000 -1.270467e-001
 6.515000e-001  1.932430e+000 -1.270467e-001
 6.515000e-001  2.250149e+000 -1.270467e-001
 6.515000e-001  2.567867e+000 -1.270467e-001
 6.515000e-001  2.885586e+000 -1.270467e-001
 6.515000e-001  3.203305e+000 -1.270467e-001
 6.515000e-001  6.615550e-001 -3.785000e-003
 6.515000e-001  9.792737e-001 -3.785000e-003
 6.515000e-001  1.296992e+000 -3.785000e-003
 6.515000e-001  1.614711e+000 -3.785000e-003
 6.515000e-001  1.932430e+000 -3.785000e-003
 6.515000e-001  2.250149e+000 -3.785000e-003
 6.515000e-001  2.567867e+000 -3.785000e-003
 6.515000e-001  2.885586e+000 -3.785000e-003
 6.515000e-001  3.203305e+000 -3.785000e-003
 6.515000e-001  6.615550e-001  1.194767e-001
 6.515000e-001  9.792737e-001  1.194767e-001
 6.515000e-001  1.296992e+000  1.194767e-001
 6.515000e-001  1.614711e+000  1.194767e-001
 6.515000e-001  1.932430e+000  1.194767e-001
 6.515000e-001  2.250149e+000  1.194767e-001
 6.515000e-001  2.567867e+000  1.194767e-001
 6.515000e-001  2.885586e+000  1.194767e-001
 6.515000e-001  3.203305e+000  1.194767e-001
 6.515000e-001  6.615550e-001  2.427383e-001
 6.515000e-001  9.792737e-001  2.427383e-001
 6.515000e-001  1.296992e+000  2.427383e-001
 6.515000e-001  1.614711e+000  2.427383e-001
 6.515000e-001  1.932430e+000  2.427383e-001
 6.515000e-001  2.250149e+000  2.427383e-001
 6.515000e-001  2.567867e+000  2.427383e-001
 6.515000e-001  2.885586e+000  2.427383e-001
 6.515000e-001  3.203305e+000  2.427383e-001
 6.515000e-001  6.615550e-001  3.660000e-001
 6.515000e-001  9.792737e-001  3.660000e-001
 6.515000e-001  1.296992e+000  3.660000e-001
 6.515000e-001  1.614711e+000  3.660000e-001
 6.515000e-001  1.932430e+000  3.660000e-001
 6.515000e-001  2.250149e+000  3.660000e-001
 6.515000e-001  2.567867e+000  3.660000e-001
 6.515000e-001  2.885586e+000  3.660000e-001
 6.515000e-001  3.203305e+000  3.660000e-001
-4.026329e-001 -1.456000e+000 -4.293281e-001
-6.300000e-001 -1.228633e+000 -4.293281e-001
-8.573671e-001 -1.456000e+000 -4.293281e-001
-6.300000e-001 -1.683367e+000 -4.293281e-001
-2.705709e-001 -1.456000e+000 -4.752523e-001
-3.758452e-001 -1.201845e+000 -4.752523e-001
-6.300000e-001 -1.096571e+000 -4.752523e-001
-8.841548e-001 -1.201845e+000 -4.752523e-001
-9.894291e-001 -1.456000e+000 -4.752523e-001
-8.841548e-001 -1.710155e+000 -4.752523e-001
-6.300000e-001 -1.815429e+000 -4.752523e-001
-3.758452e-001 -1.710155e+000 -4.752523e-001
-1.472614e-001 -1.456000e+000 -5.411627e-001
-2.886522e-001 -1.114652e+000 -5.411627e-001
-6.300000e-001 -9.732614e-001 -5.411627e-001
-9.713478e-001 -1.114652e+000 -5.411627e-001
-1.112739e+000 -1.456000e+000 -5.411627e-001
-9.713478e-001 -1.797348e+000 -5.411627e-001
-6.300000e-001 -1.938739e+000 -5.411627e-001
-2.886522e-001 -1.797348e+000 -5.411627e-001
-3.570705e-002 -1.456000e+000 -6.254540e-001
-2.097714e-001 -1.035771e+000 -6.254540e-001
-6.300000e-001 -8.617070e-001 -6.254540e-001
-1.050229e+000 -1.035771e+000 -6.254540e-001
-1.224293e+000 -1.456000e+000 -6.254540e-001
-1.050229e+000 -1.876229e+000 -6.254540e-001
-6.300000e-001 -2.050293e+000 -6.254540e-001
-2.097714e-001 -1.876229e+000 -6.254540e-001
-6.300000e-001 -1.456000e+000 -9.193281e-001
-6.300000e-001 -1.456000e+000 -2.253281e-001
-5.715000e-001 -6.095000e-001 -1.693333e-001
-6.007500e-001 -1.032750e+000 -1.973307e-001
-5.715000e-001  0.000000e+000  5.080000e-001
-5.715000e-001  2.031667e-001  5.080000e-001
-5.715000e-001  4.063333e-001  1.693333e-001
-5.715000e-001  5.079167e-001  0.000000e+000
-5.715000e-001  4.063333e-001 -1.693333e-001
-5.715000e-001  2.031667e-001 -5.080000e-001
-5.715000e-001  0.000000e+000 -5.080000e-001
-5.715000e-001 -2.031667e-001 -5.080000e-001
-5.715000e-001 -4.063333e-001 -1.693333e-001
-5.715000e-001 -5.079167e-001  0.000000e+000
-5.715000e-001 -4.063333e-001  1.693333e-001
-5.715000e-001 -2.031667e-001  5.080000e-001
-7.747000e-001  0.000000e+000  4.794250e-001
-7.747000e-001  2.397125e-001  4.151942e-001
-7.747000e-001  4.151942e-001  2.397125e-001
-7.747000e-001  4.794250e-001  2.935631e-017
-7.747000e-001  4.151942e-001 -2.397125e-001
-7.747000e-001  2.397125e-001 -4.151942e-001
-7.747000e-001  5.871263e-017 -4.794250e-001
-7.747000e-001 -2.397125e-001 -4.151942e-001
-7.747000e-001 -4.151942e-001 -2.397125e-001
-7.747000e-001 -4.794250e-001 -8.806894e-017
-7.747000e-001 -4.151942e-001  2.397125e-001
-7.747000e-001 -2.397125e-001  4.151942e-001
-5.715000e-001 -7.580349e-001 -1.016000e+000
-3.810000e-001 -7.580349e-001 -1.016000e+000
-1.905000e-001 -7.580349e-001 -1.016000e+000
 0.000000e+000 -7.580349e-001 -1.016000e+000
 1.905000e-001 -7.580349e-001 -1.016000e+000
 3.810000e-001 -7.580349e-001 -1.016000e+000
 5.715000e-001 -7.580349e-001 -1.016000e+000
-8.115000e-001  4.545000e-001  4.460000e-001
-9.050797e-001  4.545000e-001  3.136368e-001
-9.986593e-001  4.545000e-001  1.812737e-001
-1.185819e+000  4.545000e-001 -8.345261e-002
-1.372978e+000  4.545000e-001 -3.481789e-001
-1.560137e+000  4.545000e-001 -6.129052e-001
-1.747297e+000  4.545000e-001 -8.776315e-001
-1.934456e+000  4.545000e-001 -1.142358e+000
-2.121615e+000  4.545000e-001 -1.407084e+000
-2.308775e+000  4.545000e-001 -1.671810e+000
-2.495934e+000  4.545000e-001 -1.936537e+000
-2.683093e+000  4.545000e-001 -2.201263e+000
-2.870253e+000  4.545000e-001 -2.465989e+000
-3.057412e+000  4.545000e-001 -2.730716e+000
-3.244571e+000  4.545000e-001 -2.995442e+000
-3.431731e+000  4.545000e-001 -3.260168e+000
-3.618890e+000  4.545000e-001 -3.524895e+000
-3.806050e+000  4.545000e-001 -3.789621e+000
-3.993209e+000  4.545000e-001 -4.054347e+000
-4.180368e+000  4.545000e-001 -4.319074e+000
-8.115000e-001  5.695000e-001  9.760000e-001
-9.050797e-001  6.841299e-001  1.042182e+000
-9.986593e-001  7.987597e-001  1.108363e+000
-1.185819e+000  1.028019e+000  1.240726e+000
-1.372978e+000  1.257279e+000  1.373089e+000
-1.560137e+000  1.486539e+000  1.505453e+000
-1.747297e+000  1.715799e+000  1.637816e+000
-1.934456e+000  1.945058e+000  1.770179e+000
-2.121615e+000  2.174318e+000  1.902542e+000
-2.308775e+000  2.403578e+000  2.034905e+000
-2.495934e+000  2.632837e+000  2.167268e+000
-2.683093e+000  2.862097e+000  2.299632e+000
-2.870253e+000  3.091357e+000  2.431995e+000
-3.057412e+000  3.320616e+000  2.564358e+000
-3.244571e+000  3.549876e+000  2.696721e+000
-3.431731e+000  3.779136e+000  2.829084e+000
-3.618890e+000  4.008396e+000  2.961447e+000
-3.806050e+000  4.237655e+000  3.093810e+000
-3.993209e+000  4.466915e+000  3.226174e+000
-4.180368e+000  4.696175e+000  3.358537e+000
-5.715000e-001  4.063333e-001  8.466667e-001
-8.115000e-001  6.950000e-002  8.160000e-001
-9.050797e-001 -4.512985e-002  8.821816e-001
-9.986593e-001 -1.597597e-001  9.483632e-001
-1.185819e+000 -3.890194e-001  1.080726e+000
-1.372978e+000 -6.182791e-001  1.213089e+000
-1.560137e+000 -8.475388e-001  1.345453e+000
-1.747297e+000 -1.076799e+000  1.477816e+000
-1.934456e+000 -1.306058e+000  1.610179e+000
-2.121615e+000 -1.535318e+000  1.742542e+000
-2.308775e+000 -1.764578e+000  1.874905e+000
-2.495934e+000 -1.993837e+000  2.007268e+000
-2.683093e+000 -2.223097e+000  2.139632e+000
-2.870253e+000 -2.452357e+000  2.271995e+000
-3.057412e+000 -2.681616e+000  2.404358e+000
-3.244571e+000 -2.910876e+000  2.536721e+000
-3.431731e+000 -3.140136e+000  2.669084e+000
-3.618890e+000 -3.369396e+000  2.801447e+000
-3.806050e+000 -3.598655e+000  2.933810e+000
-3.993209e+000 -3.827915e+000  3.066174e+000
-4.180368e+000 -4.057175e+000  3.198537e+000
 3.810000e-001 -5.485500e-001 -1.016000e+000
 3.810000e-001 -5.485500e-001 -1.246480e+000
 5.715000e-001 -1.422167e-001  1.016000e+000
 5.715000e-001 -1.422167e-001  1.346200e+000
-1.595350e-001 -4.629800e-001  1.243530e+000
 0.000000e+000 -4.629800e-001  1.243530e+000
 1.595350e-001 -4.629800e-001  1.243530e+000
-1.595350e-001 -2.314900e-001  1.243530e+000
 0.000000e+000 -2.314900e-001  1.243530e+000
 1.595350e-001 -2.314900e-001  1.243530e+000
-1.595350e-001  0.000000e+000  1.243530e+000
 0.000000e+000  0.000000e+000  1.243530e+000
 1.595350e-001  0.000000e+000  1.243530e+000
-1.595350e-001 -4.629800e-001  1.129765e+000
-1.595350e-001 -2.314900e-001  1.129765e+000
-1.595350e-001  0.000000e+000  1.129765e+000
 1.595350e-001 -4.629800e-001  1.129765e+000
 1.595350e-001 -2.314900e-001  1.129765e+000
 1.595350e-001  0.000000e+000  1.129765e+000
 0.000000e+000 -4.629800e-001  1.129765e+000
 0.000000e+000  0.000000e+000  1.129765e+000
-4.845000e-001 -2.345000e-001 -1.261870e+000
-1.018250e-001 -2.345000e-001 -1.261870e+000
 2.808500e-001 -2.345000e-001 -1.261870e+000
-4.845000e-001 -2.482500e-002 -1.261870e+000
-1.018250e-001 -2.482500e-002 -1.261870e+000
 2.808500e-001 -2.482500e-002 -1.261870e+000
-4.845000e-001  1.848500e-001 -1.261870e+000
-1.018250e-001  1.848500e-001 -1.261870e+000
 2.808500e-001  1.848500e-001 -1.261870e+000
-1.018250e-001 -2.345000e-001 -1.016000e+000
-1.018250e-001  1.848500e-001 -1.016000e+000
-4.845000e-001 -2.345000e-001 -1.138935e+000
-4.845000e-001 -2.482500e-002 -1.138935e+000
-4.845000e-001  1.848500e-001 -1.138935e+000
 2.808500e-001 -2.345000e-001 -1.138935e+000
 2.808500e-001 -2.482500e-002 -1.138935e+000
 2.808500e-001  1.848500e-001 -1.138935e+000
-1.018250e-001 -2.345000e-001 -1.138935e+000
-1.018250e-001  1.848500e-001 -1.138935e+000
-4.845000e-001  5.719453e-001 -1.128582e+000
-1.018250e-001  5.719453e-001 -1.128582e+000
 2.808500e-001  5.719453e-001 -1.128582e+000
-5.715000e-001 -7.580349e-001 -8.674651e-001
-3.810000e-001 -7.580349e-001 -8.674651e-001
-1.905000e-001 -7.580349e-001 -8.674651e-001
 0.000000e+000 -7.580349e-001 -8.674651e-001
 1.905000e-001 -7.580349e-001 -8.674651e-001
 3.810000e-001 -7.580349e-001 -8.674651e-001
 5.715000e-001 -7.580349e-001 -8.674651e-001
-5.051440e+000 -7.209011e-001 -9.788663e-001
-1.131493e+000 -7.533931e-001 -1.011358e+000
-1.691485e+000 -7.487514e-001 -1.006717e+000
-2.251478e+000 -7.441097e-001 -1.002075e+000
-2.811470e+000 -7.394680e-001 -9.974331e-001
-3.371463e+000 -7.348263e-001 -9.927914e-001
-3.931455e+000 -7.301846e-001 -9.881497e-001
-4.491448e+000 -7.255429e-001 -9.835080e-001
-5.051440e+000 -6.466337e-001 -9.788663e-001
-1.131493e+000 -6.141417e-001 -1.011358e+000
-1.691485e+000 -6.187834e-001 -1.006717e+000
-2.251478e+000 -6.234251e-001 -1.002075e+000
-2.811470e+000 -6.280669e-001 -9.974331e-001
-3.371463e+000 -6.327086e-001 -9.927914e-001
-3.931455e+000 -6.373503e-001 -9.881497e-001
-4.491448e+000 -6.419920e-001 -9.835080e-001
-5.051440e+000 -6.466337e-001 -9.045989e-001
-1.131493e+000 -6.141417e-001 -8.721069e-001
-1.691485e+000 -6.187834e-001 -8.767486e-001
-2.251478e+000 -6.234251e-001 -8.813903e-001
-2.811470e+000 -6.280669e-001 -8.860320e-001
-3.371463e+000 -6.327086e-001 -8.906737e-001
-3.931455e+000 -6.373503e-001 -8.953154e-001
-4.491448e+000 -6.419920e-001 -8.999571e-001
-5.051440e+000 -7.209011e-001 -9.045989e-001
-1.131493e+000 -7.533931e-001 -8.721069e-001
-1.691485e+000 -7.487514e-001 -8.767486e-001
-2.251478e+000 -7.441097e-001 -8.813903e-001
-2.811470e+000 -7.394680e-001 -8.860320e-001
-3.371463e+000 -7.348263e-001 -8.906737e-001
-3.931455e+000 -7.301846e-001 -8.953154e-001
-4.491448e+000 -7.255429e-001 -8.999571e-001
-5.715000e-001  4.063333e-001  5.080000e-001
-5.715000e-001  6.095000e-001  4.233333e-001
-5.715000e-001 -6.095000e-001  8.466667e-001
-5.715000e-001 -4.063333e-001  8.466667e-001
-5.715000e-001 -2.031667e-001  8.466667e-001
-5.715000e-001  0.000000e+000  8.466667e-001
-5.715000e-001  2.031667e-001  8.466667e-001
-5.715000e-001  6.095000e-001  7.055556e-001
-5.715000e-001  5.079167e-001  7.761111e-001
-5.715000e-001  5.079167e-001  6.208889e-001
-5.715000e-001  5.079167e-001  4.656667e-001
-7.115000e-001  4.545000e-001  5.760000e-001
-7.115000e-001  4.595000e-001  8.980000e-001
-7.115000e-001  1.795000e-001  7.460000e-001
-5.715000e-001  3.047500e-001  6.773333e-001
-5.715000e-001  3.047500e-001  8.466667e-001
8 1 2 9
9 2 3 10
10 3 4 11
11 4 5 12
12 5 6 13
13 6 7 14
9 16 15 8
18 17 12 13
18 13 14 19
20 15 16 21
17 18 23 22
23 18 19 24
21 26 25 20
28 27 22 23
28 23 24 29
30 25 26 31
27 28 35 34
35 28 29 36
37 30 31 38
38 31 32 39
39 32 33 40
40 33 34 41
41 34 35 42
42 35 36 43
44 51 52 45
53 46 45 52
46 53 54 47
54 55 48 47
49 48 55 56
49 56 57 50
51 58 59 52
53 52 59 60
62 56 55 61
56 62 63 57
58 64 65 59
60 59 65 66
69 62 61 68
62 69 70 63
64 71 72 65
72 73 66 65
67 66 73 74
75 68 67 74
68 75 76 69
69 76 77 70
71 78 79 72
72 79 80 73
73 80 81 74
74 81 82 75
75 82 83 76
76 83 84 77
78 85 86 79
79 86 87 80
80 87 88 81
81 88 89 82
82 89 90 83
83 90 91 84
93 92 1 8
93 8 15 94
94 15 20 95
95 20 25 96
96 25 30 97
30 37 98 97
92 93 100 99
100 93 94 101
101 94 95 102
102 95 96 103
103 96 97 104
97 98 105 104
106 99 100 107
107 100 101 108
108 101 102 109
109 102 103 110
110 103 104 111
104 105 112 111
113 106 107 114
114 107 108 115
115 108 109 116
116 109 110 117
117 110 111 118
112 119 118 111
120 113 114 121
121 114 115 122
122 115 116 123
123 116 117 124
124 117 118 125
119 126 125 118
44 120 121 51
51 121 122 58
58 122 123 64
64 123 124 71
71 124 125 78
126 85 78 125
7 127 128 14
14 128 129 19
19 129 130 24
24 130 131 29
29 131 132 36
133 43 36 132
135 128 127 134
128 135 136 129
129 136 137 130
130 137 138 131
131 138 139 132
140 133 132 139
134 141 142 135
135 142 143 136
136 143 144 137
137 144 145 138
138 145 146 139
147 140 139 146
141 148 149 142
142 149 150 143
143 150 151 144
144 151 152 145
145 152 153 146
153 154 147 146
148 155 156 149
149 156 157 150
150 157 158 151
151 158 159 152
152 159 160 153
160 161 154 153
155 50 57 156
156 57 63 157
157 63 70 158
158 70 77 159
159 77 84 160
84 91 161 160
162 92 99 163
163 99 106 164
164 106 113 165
165 113 120 166
166 120 44 45
167 162 163 168
168 163 164 169
169 164 165 170
170 165 166 171
171 166 45 46
172 167 168 173
173 168 169 174
174 169 170 175
175 170 171 176
176 171 46 47
177 172 173 178
178 173 174 179
179 174 175 180
180 175 176 181
181 176 47 48
182 177 178 183
183 178 179 184
184 179 180 185
185 180 181 186
186 181 48 49
127 182 183 134
134 183 184 141
141 184 185 148
148 185 186 155
155 186 49 50
37 38 187 98
98 187 188 105
105 188 189 112
112 189 190 119
119 190 191 126
126 191 86 85
38 39 192 187
187 192 193 188
188 193 194 189
189 194 195 190
190 195 196 191
191 196 87 86
39 40 197 192
192 197 198 193
193 198 199 194
194 199 200 195
195 200 201 196
196 201 88 87
40 41 202 197
197 202 203 198
198 203 204 199
199 204 205 200
200 205 206 201
201 206 89 88
41 42 207 202
202 207 208 203
203 208 209 204
204 209 210 205
205 210 211 206
206 211 90 89
42 43 133 207
207 133 140 208
208 140 147 209
209 147 154 210
210 154 161 211
211 161 91 90
216 225 226 217
217 226 227 218
218 227 228 219
219 228 229 220
220 229 230 221
221 230 231 222
222 231 232 223
223 232 233 224
225 234 235 226
226 235 236 227
227 236 237 228
228 237 238 229
229 238 239 230
230 239 240 231
231 240 241 232
232 241 242 233
234 243 244 235
235 244 245 236
236 245 246 237
237 246 247 238
238 247 248 239
239 248 249 240
240 249 250 241
241 250 251 242
243 252 253 244
244 253 254 245
245 254 255 246
246 255 256 247
247 256 257 248
248 257 258 249
249 258 259 250
250 259 260 251
252 261 262 253
253 262 263 254
254 263 264 255
255 264 265 256
256 265 266 257
257 266 267 258
258 267 268 259
259 268 269 260
261 270 271 262
262 271 272 263
263 272 273 264
264 273 274 265
265 274 275 266
266 275 276 267
267 276 277 268
268 277 278 269
279 288 289 280
280 289 290 281
281 290 291 282
282 291 292 283
283 292 293 284
284 293 294 285
285 294 295 286
286 295 296 287
288 297 298 289
289 298 299 290
290 299 300 291
291 300 301 292
292 301 302 293
293 302 303 294
294 303 304 295
295 304 305 296
297 306 307 298
298 307 308 299
299 308 309 300
300 309 310 301
301 310 311 302
302 311 312 303
303 312 313 304
304 313 314 305
306 315 316 307
307 316 317 308
308 317 318 309
309 318 319 310
310 319 320 311
311 320 321 312
312 321 322 313
313 322 323 314
315 324 325 316
316 325 326 317
317 326 327 318
318 327 328 319
319 328 329 320
320 329 330 321
321 330 331 322
322 331 332 323
324 333 334 325
325 334 335 326
326 335 336 327
327 336 337 328
328 337 338 329
329 338 339 330
330 339 340 331
331 340 341 332
342 346 347 0
343 348 349 0
344 350 351 0
345 352 353 0
355 347 346 354
348 347 355 356
357 349 348 356
350 349 357 358
359 351 350 358
352 351 359 360
361 353 352 360
346 353 361 354
363 355 354 362
356 355 363 364
365 357 356 364
366 358 357 365
359 358 366 367
360 359 367 368
361 360 368 369
354 361 369 362
2 399 398 1
3 400 399 2
4 401 400 3
5 402 401 4
6 403 402 5
7 404 403 6
470 473 474 471
471 474 475 472
473 476 477 474
474 477 478 475
480 479 53 60
481 480 60 66
470 479 480 473
473 480 481 476
55 482 483 61
61 483 484 68
482 472 475 483
483 475 478 484
53 479 485 54
485 479 470 471
485 482 55 54
482 485 471 472
486 481 66 67
481 486 477 476
68 484 486 67
486 484 478 477
490 487 488 491
491 488 489 492
493 490 491 494
494 491 492 495
498 487 490 499
499 490 493 500
498 499 21 16
26 21 499 500
489 501 502 492
492 502 503 495
22 502 501 17
502 22 27 503
488 487 498 504
498 16 496 504
489 488 504 501
496 17 501 504
493 494 505 500
497 26 500 505
494 495 503 505
503 27 497 505
509 92 162 510
510 162 167 511
511 167 172 512
512 172 177 513
513 177 182 514
514 182 127 515
399 510 509 398
400 511 510 399
401 512 511 400
402 513 512 401
403 514 513 402
404 515 514 403
515 404 7 127
547 540 532 539
547 539 538 546
546 538 537 545
545 537 536 544
544 536 535 543
543 535 534 542
541 542 534 533
509 541 533 92
516 540 547 523
523 547 546 522
522 546 545 521
521 545 544 520
519 520 544 543
518 519 543 542
518 542 541 517
398 517 541 509
524 516 523 531
531 523 522 530
530 522 521 529
529 521 520 528
527 528 520 519
527 519 518 526
526 518 517 525
525 517 398 1
539 532 524 531
539 531 530 538
538 530 529 537
537 529 528 536
536 528 527 535
535 527 526 534
533 534 526 525
533 525 1 92
524 532 540 516
343 342 347 348
344 343 349 350
345 344 351 352
342 345 353 346
