   104
 0.571500E+00 -.609500E+00 0.508000E+00  0.651500E+00 -.661555E+00 0.356430E+00
 0.571500E+00 -.558708E+00 0.931333E+00  0.651500E+00 -.661555E+00 0.109600E+01
 -.630000E+00 -.122863E+01 -.429328E+00  -.630000E+00 -.145600E+01 -.919300E+00
 -.630000E+00 -.168337E+01 -.429328E+00  -.630000E+00 -.145600E+01 -.919300E+00
 -.402633E+00 -.145600E+01 -.429328E+00  -.630000E+00 -.145600E+01 -.225300E+00
 -.857367E+00 -.145600E+01 -.429328E+00  -.630000E+00 -.145600E+01 -.225300E+00
 -.571500E+00 -.609500E+00 -.169333E+00  -.600800E+00 -.103280E+01 -.197300E+00
 -.600800E+00 -.103280E+01 -.197300E+00  -.630000E+00 -.145600E+01 -.225300E+00
 -.774700E+00 0.000000E+00 0.479400E+00  -.774700E+00 0.239700E+00 0.415200E+00
 -.774700E+00 0.239700E+00 0.415200E+00  -.774700E+00 0.415200E+00 0.239700E+00
 -.774700E+00 0.415200E+00 0.239700E+00  -.774700E+00 0.479400E+00 0.000000E+00
 -.774700E+00 0.479400E+00 0.000000E+00  -.774700E+00 0.415200E+00 -.239700E+00
 -.774700E+00 0.415200E+00 -.239700E+00  -.774700E+00 0.239700E+00 -.415200E+00
 -.774700E+00 0.239700E+00 -.415200E+00  -.774700E+00 0.000000E+00 -.479400E+00
 -.774700E+00 0.000000E+00 -.479400E+00  -.774700E+00 -.239700E+00 -.415200E+00
 -.774700E+00 -.239700E+00 -.415200E+00  -.774700E+00 -.415200E+00 -.239700E+00
 -.774700E+00 -.415200E+00 -.239700E+00  -.774700E+00 -.479400E+00 0.000000E+00
 -.774700E+00 -.479400E+00 0.000000E+00  -.774700E+00 -.415200E+00 0.239700E+00
 -.774700E+00 -.415200E+00 0.239700E+00  -.774700E+00 -.239700E+00 0.415200E+00
 -.774700E+00 -.239700E+00 0.415200E+00  -.774700E+00 0.000000E+00 0.479400E+00
 -.571500E+00 0.000000E+00 0.508000E+00  -.774700E+00 0.000000E+00 0.479400E+00
 -.571500E+00 0.203167E+00 0.508000E+00  -.774700E+00 0.239700E+00 0.415200E+00
 -.571500E+00 0.406333E+00 0.169333E+00  -.774700E+00 0.415200E+00 0.239700E+00
 -.571500E+00 0.507917E+00 0.000000E+00  -.774700E+00 0.479400E+00 0.000000E+00
 -.571500E+00 0.406333E+00 -.169333E+00  -.774700E+00 0.415200E+00 -.239700E+00
 -.571500E+00 0.203167E+00 -.508000E+00  -.774700E+00 0.239700E+00 -.415200E+00
 -.571500E+00 0.000000E+00 -.508000E+00  -.774700E+00 0.000000E+00 -.479400E+00
 -.571500E+00 -.203167E+00 -.508000E+00  -.774700E+00 -.239700E+00 -.415200E+00
 -.571500E+00 -.406333E+00 -.169333E+00  -.774700E+00 -.415200E+00 -.239700E+00
 -.571500E+00 -.507917E+00 0.000000E+00  -.774700E+00 -.479400E+00 0.000000E+00
 -.571500E+00 -.406333E+00 0.169333E+00  -.774700E+00 -.415200E+00 0.239700E+00
 -.571500E+00 -.203167E+00 0.508000E+00  -.774700E+00 -.239700E+00 0.415200E+00
 -.811500E+00 0.454500E+00 0.446000E+00  -.905100E+00 0.454500E+00 0.313600E+00
 -.905100E+00 0.454500E+00 0.313600E+00  -.998700E+00 0.454500E+00 0.181300E+00
 -.998700E+00 0.454500E+00 0.181300E+00  -.118580E+01 0.454500E+00 -.835000E-01
 -.118580E+01 0.454500E+00 -.835000E-01  -.137300E+01 0.454500E+00 -.348200E+00
 -.137300E+01 0.454500E+00 -.348200E+00  -.156010E+01 0.454500E+00 -.612900E+00
 -.156010E+01 0.454500E+00 -.612900E+00  -.174730E+01 0.454500E+00 -.877600E+00
 -.174730E+01 0.454500E+00 -.877600E+00  -.193450E+01 0.454500E+00 -.114240E+01
 -.193450E+01 0.454500E+00 -.114240E+01  -.212160E+01 0.454500E+00 -.140710E+01
 -.212160E+01 0.454500E+00 -.140710E+01  -.230880E+01 0.454500E+00 -.167180E+01
 -.230880E+01 0.454500E+00 -.167180E+01  -.249590E+01 0.454500E+00 -.193650E+01
 -.249590E+01 0.454500E+00 -.193650E+01  -.268310E+01 0.454500E+00 -.220130E+01
 -.268310E+01 0.454500E+00 -.220130E+01  -.287030E+01 0.454500E+00 -.246600E+01
 -.287030E+01 0.454500E+00 -.246600E+01  -.305740E+01 0.454500E+00 -.273070E+01
 -.305740E+01 0.454500E+00 -.273070E+01  -.324460E+01 0.454500E+00 -.299540E+01
 -.324460E+01 0.454500E+00 -.299540E+01  -.343170E+01 0.454500E+00 -.326020E+01
 -.343170E+01 0.454500E+00 -.326020E+01  -.361890E+01 0.454500E+00 -.352490E+01
 -.361890E+01 0.454500E+00 -.352490E+01  -.380600E+01 0.454500E+00 -.378960E+01
 -.380600E+01 0.454500E+00 -.378960E+01  -.399320E+01 0.454500E+00 -.405430E+01
 -.399320E+01 0.454500E+00 -.405430E+01  -.418040E+01 0.454500E+00 -.431910E+01
 -.811500E+00 0.569500E+00 0.976000E+00  -.905100E+00 0.684100E+00 0.104220E+01
 -.905100E+00 0.684100E+00 0.104220E+01  -.998700E+00 0.798800E+00 0.110840E+01
 -.998700E+00 0.798800E+00 0.110840E+01  -.118580E+01 0.102800E+01 0.124070E+01
 -.118580E+01 0.102800E+01 0.124070E+01  -.137300E+01 0.125730E+01 0.137310E+01
 -.137300E+01 0.125730E+01 0.137310E+01  -.156010E+01 0.148650E+01 0.150550E+01
 -.156010E+01 0.148650E+01 0.150550E+01  -.174730E+01 0.171580E+01 0.163780E+01
 -.174730E+01 0.171580E+01 0.163780E+01  -.193450E+01 0.194510E+01 0.177020E+01
 -.193450E+01 0.194510E+01 0.177020E+01  -.212160E+01 0.217430E+01 0.190250E+01
 -.212160E+01 0.217430E+01 0.190250E+01  -.230880E+01 0.240360E+01 0.203490E+01
 -.230880E+01 0.240360E+01 0.203490E+01  -.249590E+01 0.263280E+01 0.216730E+01
 -.249590E+01 0.263280E+01 0.216730E+01  -.268310E+01 0.286210E+01 0.229960E+01
 -.268310E+01 0.286210E+01 0.229960E+01  -.287030E+01 0.309140E+01 0.243200E+01
 -.287030E+01 0.309140E+01 0.243200E+01  -.305740E+01 0.332060E+01 0.256440E+01
 -.305740E+01 0.332060E+01 0.256440E+01  -.324460E+01 0.354990E+01 0.269670E+01
 -.324460E+01 0.354990E+01 0.269670E+01  -.343170E+01 0.377910E+01 0.282910E+01
 -.343170E+01 0.377910E+01 0.282910E+01  -.361890E+01 0.400840E+01 0.296140E+01
 -.361890E+01 0.400840E+01 0.296140E+01  -.380600E+01 0.423770E+01 0.309380E+01
 -.380600E+01 0.423770E+01 0.309380E+01  -.399320E+01 0.446690E+01 0.322620E+01
 -.399320E+01 0.446690E+01 0.322620E+01  -.418040E+01 0.469620E+01 0.335850E+01
 -.811500E+00 0.695000E-01 0.816000E+00  -.905100E+00 -.451000E-01 0.882200E+00
 -.905100E+00 -.451000E-01 0.882200E+00  -.998700E+00 -.159800E+00 0.948400E+00
 -.998700E+00 -.159800E+00 0.948400E+00  -.118580E+01 -.389000E+00 0.108070E+01
 -.118580E+01 -.389000E+00 0.108070E+01  -.137300E+01 -.618300E+00 0.121310E+01
 -.137300E+01 -.618300E+00 0.121310E+01  -.156010E+01 -.847500E+00 0.134550E+01
 -.156010E+01 -.847500E+00 0.134550E+01  -.174730E+01 -.107680E+01 0.147780E+01
 -.174730E+01 -.107680E+01 0.147780E+01  -.193450E+01 -.130610E+01 0.161020E+01
 -.193450E+01 -.130610E+01 0.161020E+01  -.212160E+01 -.153530E+01 0.174250E+01
 -.212160E+01 -.153530E+01 0.174250E+01  -.230880E+01 -.176460E+01 0.187490E+01
 -.230880E+01 -.176460E+01 0.187490E+01  -.249590E+01 -.199380E+01 0.200730E+01
 -.249590E+01 -.199380E+01 0.200730E+01  -.268310E+01 -.222310E+01 0.213960E+01
 -.268310E+01 -.222310E+01 0.213960E+01  -.287030E+01 -.245240E+01 0.227200E+01
 -.287030E+01 -.245240E+01 0.227200E+01  -.305740E+01 -.268160E+01 0.240440E+01
 -.305740E+01 -.268160E+01 0.240440E+01  -.324460E+01 -.291090E+01 0.253670E+01
 -.324460E+01 -.291090E+01 0.253670E+01  -.343170E+01 -.314010E+01 0.266910E+01
 -.343170E+01 -.314010E+01 0.266910E+01  -.361890E+01 -.336940E+01 0.280140E+01
 -.361890E+01 -.336940E+01 0.280140E+01  -.380600E+01 -.359870E+01 0.293380E+01
 -.380600E+01 -.359870E+01 0.293380E+01  -.399320E+01 -.382790E+01 0.306620E+01
 -.399320E+01 -.382790E+01 0.306620E+01  -.418040E+01 -.405720E+01 0.319850E+01
 0.381000E+00 -.507917E+00 -.101600E+01  0.381000E+00 -.548500E+00 -.124650E+01
 0.571500E+00 -.101583E+00 0.101600E+01  0.571500E+00 -.142200E+00 0.134620E+01
 -.484500E+00 0.184850E+00 -.126187E+01  -.484500E+00 0.571900E+00 -.112860E+01
 -.101825E+00 0.184850E+00 -.126187E+01  -.101800E+00 0.571900E+00 -.112860E+01
 0.280850E+00 0.184850E+00 -.126187E+01  0.280900E+00 0.571900E+00 -.112860E+01
 -.484500E+00 0.571900E+00 -.112860E+01  -.101800E+00 0.571900E+00 -.112860E+01
 -.101800E+00 0.571900E+00 -.112860E+01  0.280900E+00 0.571900E+00 -.112860E+01
 0.571500E+00 0.558708E+00 0.225778E+00  0.651500E+00 0.661555E+00 0.366000E+00
 0.571500E+00 0.558708E+00 -.211667E+00  0.651500E+00 0.661555E+00 -.373570E+00
 -.711500E+00 0.454500E+00 0.576000E+00  -.811500E+00 0.454500E+00 0.446000E+00
 -.711500E+00 0.459500E+00 0.898000E+00  -.811500E+00 0.569500E+00 0.976000E+00
 -.711500E+00 0.179500E+00 0.746000E+00  -.811500E+00 0.695000E-01 0.816000E+00
 -.571500E+00 0.507917E+00 0.762000E+00  -.711500E+00 0.454500E+00 0.576000E+00
 -.571500E+00 0.304750E+00 0.677333E+00  -.711500E+00 0.179500E+00 0.746000E+00
 -.571500E+00 0.304750E+00 0.846667E+00  -.711500E+00 0.459500E+00 0.898000E+00
