   107
 0.571500E+00 -.609500E+00 0.508000E+00  0.611500E+00 -.635500E+00 0.432200E+00
 0.571500E+00 -.609500E+00 0.846667E+00  0.611500E+00 -.635500E+00 0.971300E+00
 0.571500E+00 0.609500E+00 -.141111E+00  0.611500E+00 0.635500E+00 -.257300E+00
 0.571500E+00 0.609500E+00 0.141111E+00  0.611500E+00 0.635500E+00 0.253600E+00
 0.611500E+00 -.635500E+00 0.432200E+00  0.651500E+00 -.661555E+00 0.356430E+00
 0.611500E+00 -.635500E+00 0.971300E+00  0.651500E+00 -.661555E+00 0.109600E+01
 0.611500E+00 0.635500E+00 -.257300E+00  0.651500E+00 0.661555E+00 -.373570E+00
 0.611500E+00 0.635500E+00 0.253600E+00  0.651500E+00 0.661555E+00 0.366000E+00
 -.402633E+00 -.145600E+01 -.429328E+00  -.630000E+00 -.145600E+01 -.919300E+00
 -.630000E+00 -.122863E+01 -.429328E+00  -.630000E+00 -.145600E+01 -.919300E+00
 -.857367E+00 -.145600E+01 -.429328E+00  -.630000E+00 -.145600E+01 -.919300E+00
 -.630000E+00 -.168337E+01 -.429328E+00  -.630000E+00 -.145600E+01 -.919300E+00
 -.402633E+00 -.145600E+01 -.429328E+00  -.630000E+00 -.145600E+01 -.225300E+00
 -.857367E+00 -.145600E+01 -.429328E+00  -.630000E+00 -.145600E+01 -.225300E+00
 -.571500E+00 -.609500E+00 -.169333E+00  -.600800E+00 -.103280E+01 -.197300E+00
 -.600800E+00 -.103280E+01 -.197300E+00  -.630000E+00 -.145600E+01 -.225300E+00
 -.774700E+00 0.000000E+00 0.479400E+00  -.774700E+00 0.239700E+00 0.415200E+00
 -.774700E+00 0.239700E+00 0.415200E+00  -.774700E+00 0.415200E+00 0.239700E+00
 -.774700E+00 0.415200E+00 0.239700E+00  -.774700E+00 0.479400E+00 0.000000E+00
 -.774700E+00 0.479400E+00 0.000000E+00  -.774700E+00 0.415200E+00 -.239700E+00
 -.774700E+00 0.415200E+00 -.239700E+00  -.774700E+00 0.239700E+00 -.415200E+00
 -.774700E+00 0.239700E+00 -.415200E+00  -.774700E+00 0.000000E+00 -.479400E+00
 -.774700E+00 0.000000E+00 -.479400E+00  -.774700E+00 -.239700E+00 -.415200E+00
 -.774700E+00 -.239700E+00 -.415200E+00  -.774700E+00 -.415200E+00 -.239700E+00
 -.774700E+00 -.415200E+00 -.239700E+00  -.774700E+00 -.479400E+00 0.000000E+00
 -.774700E+00 -.479400E+00 0.000000E+00  -.774700E+00 -.415200E+00 0.239700E+00
 -.774700E+00 -.415200E+00 0.239700E+00  -.774700E+00 -.239700E+00 0.415200E+00
 -.774700E+00 -.239700E+00 0.415200E+00  -.774700E+00 0.000000E+00 0.479400E+00
 -.571500E+00 0.000000E+00 0.508000E+00  -.774700E+00 0.000000E+00 0.479400E+00
 -.571500E+00 0.203167E+00 0.508000E+00  -.774700E+00 0.239700E+00 0.415200E+00
 -.571500E+00 0.406333E+00 0.169333E+00  -.774700E+00 0.415200E+00 0.239700E+00
 -.571500E+00 0.507917E+00 0.000000E+00  -.774700E+00 0.479400E+00 0.000000E+00
 -.571500E+00 0.406333E+00 -.169333E+00  -.774700E+00 0.415200E+00 -.239700E+00
 -.571500E+00 0.203167E+00 -.508000E+00  -.774700E+00 0.239700E+00 -.415200E+00
 -.571500E+00 0.000000E+00 -.508000E+00  -.774700E+00 0.000000E+00 -.479400E+00
 -.571500E+00 -.203167E+00 -.508000E+00  -.774700E+00 -.239700E+00 -.415200E+00
 -.571500E+00 -.406333E+00 -.169333E+00  -.774700E+00 -.415200E+00 -.239700E+00
 -.571500E+00 -.507917E+00 0.000000E+00  -.774700E+00 -.479400E+00 0.000000E+00
 -.571500E+00 -.406333E+00 0.169333E+00  -.774700E+00 -.415200E+00 0.239700E+00
 -.571500E+00 -.203167E+00 0.508000E+00  -.774700E+00 -.239700E+00 0.415200E+00
 -.711500E+00 0.454500E+00 0.576000E+00  -.807700E+00 0.454500E+00 0.439900E+00
 -.807700E+00 0.454500E+00 0.439900E+00  -.903900E+00 0.454500E+00 0.303800E+00
 -.903900E+00 0.454500E+00 0.303800E+00  -.109640E+01 0.454500E+00 0.316000E-01
 -.109640E+01 0.454500E+00 0.316000E-01  -.128880E+01 0.454500E+00 -.240500E+00
 -.128880E+01 0.454500E+00 -.240500E+00  -.148120E+01 0.454500E+00 -.512700E+00
 -.148120E+01 0.454500E+00 -.512700E+00  -.167360E+01 0.454500E+00 -.784900E+00
 -.167360E+01 0.454500E+00 -.784900E+00  -.186610E+01 0.454500E+00 -.105710E+01
 -.186610E+01 0.454500E+00 -.105710E+01  -.205850E+01 0.454500E+00 -.132930E+01
 -.205850E+01 0.454500E+00 -.132930E+01  -.225090E+01 0.454500E+00 -.160140E+01
 -.225090E+01 0.454500E+00 -.160140E+01  -.244340E+01 0.454500E+00 -.187360E+01
 -.244340E+01 0.454500E+00 -.187360E+01  -.263580E+01 0.454500E+00 -.214580E+01
 -.263580E+01 0.454500E+00 -.214580E+01  -.282820E+01 0.454500E+00 -.241800E+01
 -.282820E+01 0.454500E+00 -.241800E+01  -.302070E+01 0.454500E+00 -.269020E+01
 -.302070E+01 0.454500E+00 -.269020E+01  -.321310E+01 0.454500E+00 -.296230E+01
 -.321310E+01 0.454500E+00 -.296230E+01  -.340550E+01 0.454500E+00 -.323450E+01
 -.340550E+01 0.454500E+00 -.323450E+01  -.359790E+01 0.454500E+00 -.350670E+01
 -.359790E+01 0.454500E+00 -.350670E+01  -.379040E+01 0.454500E+00 -.377890E+01
 -.379040E+01 0.454500E+00 -.377890E+01  -.398280E+01 0.454500E+00 -.405110E+01
 -.398280E+01 0.454500E+00 -.405110E+01  -.417520E+01 0.454500E+00 -.432320E+01
 -.711500E+00 0.459500E+00 0.898000E+00  -.807700E+00 0.577400E+00 0.966000E+00
 -.807700E+00 0.577400E+00 0.966000E+00  -.903900E+00 0.695200E+00 0.103410E+01
 -.903900E+00 0.695200E+00 0.103410E+01  -.109640E+01 0.930900E+00 0.117020E+01
 -.109640E+01 0.930900E+00 0.117020E+01  -.128880E+01 0.116660E+01 0.130630E+01
 -.128880E+01 0.116660E+01 0.130630E+01  -.148120E+01 0.140240E+01 0.144240E+01
 -.148120E+01 0.140240E+01 0.144240E+01  -.167360E+01 0.163810E+01 0.157850E+01
 -.167360E+01 0.163810E+01 0.157850E+01  -.186610E+01 0.187380E+01 0.171450E+01
 -.186610E+01 0.187380E+01 0.171450E+01  -.205850E+01 0.210950E+01 0.185060E+01
 -.205850E+01 0.210950E+01 0.185060E+01  -.225090E+01 0.234520E+01 0.198670E+01
 -.225090E+01 0.234520E+01 0.198670E+01  -.244340E+01 0.258090E+01 0.212280E+01
 -.244340E+01 0.258090E+01 0.212280E+01  -.263580E+01 0.281670E+01 0.225890E+01
 -.263580E+01 0.281670E+01 0.225890E+01  -.282820E+01 0.305240E+01 0.239500E+01
 -.282820E+01 0.305240E+01 0.239500E+01  -.302070E+01 0.328810E+01 0.253110E+01
 -.302070E+01 0.328810E+01 0.253110E+01  -.321310E+01 0.352380E+01 0.266720E+01
 -.321310E+01 0.352380E+01 0.266720E+01  -.340550E+01 0.375950E+01 0.280330E+01
 -.340550E+01 0.375950E+01 0.280330E+01  -.359790E+01 0.399520E+01 0.293940E+01
 -.359790E+01 0.399520E+01 0.293940E+01  -.379040E+01 0.423090E+01 0.307540E+01
 -.379040E+01 0.423090E+01 0.307540E+01  -.398280E+01 0.446670E+01 0.321150E+01
 -.398280E+01 0.446670E+01 0.321150E+01  -.417520E+01 0.470240E+01 0.334760E+01
 -.711500E+00 0.179500E+00 0.746000E+00  -.807700E+00 0.616000E-01 0.814000E+00
 -.807700E+00 0.616000E-01 0.814000E+00  -.903900E+00 -.562000E-01 0.882100E+00
 -.903900E+00 -.562000E-01 0.882100E+00  -.109640E+01 -.291900E+00 0.101820E+01
 -.109640E+01 -.291900E+00 0.101820E+01  -.128880E+01 -.527600E+00 0.115430E+01
 -.128880E+01 -.527600E+00 0.115430E+01  -.148120E+01 -.763400E+00 0.129040E+01
 -.148120E+01 -.763400E+00 0.129040E+01  -.167360E+01 -.999100E+00 0.142650E+01
 -.167360E+01 -.999100E+00 0.142650E+01  -.186610E+01 -.123480E+01 0.156250E+01
 -.186610E+01 -.123480E+01 0.156250E+01  -.205850E+01 -.147050E+01 0.169860E+01
 -.205850E+01 -.147050E+01 0.169860E+01  -.225090E+01 -.170620E+01 0.183470E+01
 -.225090E+01 -.170620E+01 0.183470E+01  -.244340E+01 -.194190E+01 0.197080E+01
 -.244340E+01 -.194190E+01 0.197080E+01  -.263580E+01 -.217770E+01 0.210690E+01
 -.263580E+01 -.217770E+01 0.210690E+01  -.282820E+01 -.241340E+01 0.224300E+01
 -.282820E+01 -.241340E+01 0.224300E+01  -.302070E+01 -.264910E+01 0.237910E+01
 -.302070E+01 -.264910E+01 0.237910E+01  -.321310E+01 -.288480E+01 0.251520E+01
 -.321310E+01 -.288480E+01 0.251520E+01  -.340550E+01 -.312050E+01 0.265130E+01
 -.340550E+01 -.312050E+01 0.265130E+01  -.359790E+01 -.335620E+01 0.278740E+01
 -.359790E+01 -.335620E+01 0.278740E+01  -.379040E+01 -.359190E+01 0.292340E+01
 -.379040E+01 -.359190E+01 0.292340E+01  -.398280E+01 -.382770E+01 0.305950E+01
 -.398280E+01 -.382770E+01 0.305950E+01  -.417520E+01 -.406340E+01 0.319560E+01
 -.571500E+00 0.304750E+00 0.846667E+00  -.711500E+00 0.459500E+00 0.898000E+00
 -.571500E+00 0.304750E+00 0.677333E+00  -.711500E+00 0.179500E+00 0.746000E+00
 -.571500E+00 0.507917E+00 0.705556E+00  -.711500E+00 0.454500E+00 0.576000E+00
 0.381000E+00 -.548550E+00 -.101600E+01  0.381000E+00 -.548500E+00 -.124650E+01
 0.381000E+00 -.142217E+00 0.101600E+01  0.381000E+00 -.142200E+00 0.134620E+01
 -.484500E+00 0.184850E+00 -.126187E+01  -.484500E+00 0.571900E+00 -.112860E+01
 -.101825E+00 0.184850E+00 -.126187E+01  -.101800E+00 0.571900E+00 -.112860E+01
 0.280850E+00 0.184850E+00 -.126187E+01  0.280900E+00 0.571900E+00 -.112860E+01
 -.484500E+00 0.571900E+00 -.112860E+01  -.101800E+00 0.571900E+00 -.112860E+01
 -.101800E+00 0.571900E+00 -.112860E+01  0.280900E+00 0.571900E+00 -.112860E+01
