   340
   0.100000000000000
   0.200000000000000
   0.300000000000000
   0.400000000000000
   0.500000000000000
   0.600000000000000
   0.700000000000000
   0.800000000000000
   0.900000000000000
   1.00000000000000
   1.10000000000000
   1.20000000000000
   1.30000000000000
   1.40000000000000
   1.50000000000000
   1.60000000000000
   1.70000000000000
   1.80000000000000
   1.90000000000000
   2.00000000000000
   2.10000000000000
   2.20000000000000
   2.30000000000000
   2.40000000000000
   2.50000000000000
   2.60000000000000
   2.70000000000000
   2.80000000000000
   2.90000000000000
   3.00000000000000
   3.10000000000000
   3.20000000000000
   3.30000000000000
   3.40000000000000
   3.50000000000000
   3.60000000000000
   3.70000000000000
   3.80000000000000
   3.90000000000000
   4.00000000000000
   4.10000000000000
   4.20000000000000
   4.30000000000000
   4.40000000000000
   4.50000000000000
   4.60000000000000
   4.70000000000000
   4.80000000000000
   4.90000000000000
   5.00000000000000
   5.10000000000000
   5.20000000000000
   5.30000000000000
   5.40000000000000
   5.50000000000000
   5.60000000000000
   5.70000000000000
   5.80000000000000
   5.90000000000000
   5.99999999999999
   6.09999999999999
   6.19999999999999
   6.29999999999999
   6.39999999999999
   6.49999999999999
   6.59999999999999
   6.69999999999999
   6.79999999999999
   6.89999999999999
   6.99999999999999
   7.09999999999999
   7.19999999999999
   7.29999999999999
   7.39999999999999
   7.49999999999999
   7.59999999999999
   7.69999999999999
   7.79999999999999
   7.89999999999999
   7.99999999999999
   8.09999999999999
   8.19999999999999
   8.29999999999999
   8.39999999999999
   8.49999999999999
   8.59999999999999
   8.69999999999999
   8.79999999999998
   8.89999999999998
   8.99999999999998
   9.09999999999998
   9.19999999999998
   9.29999999999998
   9.39999999999998
   9.49999999999998
   9.59999999999998
   9.69999999999998
   9.79999999999998
   9.89999999999998
   9.99999999999998
   10.1000000000000
   10.2000000000000
   10.3000000000000
   10.4000000000000
   10.5000000000000
   10.6000000000000
   10.7000000000000
   10.8000000000000
   10.9000000000000
   11.0000000000000
   11.1000000000000
   11.2000000000000
   11.3000000000000
   11.4000000000000
   11.5000000000000
   11.6000000000000
   11.7000000000000
   11.8000000000000
   11.9000000000000
   12.0000000000000
   12.1000000000000
   12.2000000000000
   12.3000000000000
   12.4000000000000
   12.5000000000000
   12.6000000000000
   12.7000000000000
   12.8000000000000
   12.9000000000000
   13.0000000000000
   13.1000000000000
   13.2000000000000
   13.3000000000000
   13.4000000000000
   13.5000000000000
   13.6000000000000
   13.7000000000000
   13.8000000000000
   13.9000000000000
   14.0000000000000
   14.1000000000000
   14.2000000000000
   14.3000000000000
   14.4000000000000
   14.5000000000000
   14.6000000000000
   14.7000000000000
   14.8000000000000
   14.9000000000000
   15.0000000000000
   15.1000000000000
   15.2000000000000
   15.3000000000000
   15.4000000000000
   15.5000000000000
   15.6000000000000
   15.7000000000000
   15.8000000000000
   15.9000000000000
   16.0000000000000
   16.1000000000000
   16.2000000000000
   16.3000000000000
   16.4000000000000
   16.5000000000000
   16.6000000000000
   16.7000000000000
   16.8000000000000
   16.9000000000000
   17.0000000000000
   17.1000000000000
   17.2000000000000
   17.3000000000000
   17.4000000000000
   17.5000000000000
   17.6000000000000
   17.7000000000000
   17.8000000000000
   17.9000000000000
   18.0000000000000
   18.1000000000000
   18.2000000000000
   18.3000000000000
   18.4000000000000
   18.5000000000000
   18.6000000000000
   18.7000000000000
   18.8000000000000
   18.9000000000000
   19.0000000000000
   19.1000000000000
   19.2000000000000
   19.3000000000000
   19.4000000000000
   19.5000000000000
   19.6000000000000
   19.7000000000000
   19.8000000000000
   19.9000000000000
   20.0000000000000
   20.1000000000000
   20.2000000000000
   20.3000000000000
   20.4000000000000
   20.5000000000000
   20.6000000000000
   20.7000000000000
   20.8000000000000
   20.9000000000000
   21.0000000000000
   21.1000000000000
   21.2000000000000
   21.3000000000000
   21.4000000000000
   21.5000000000000
   21.6000000000000
   21.7000000000000
   21.8000000000000
   21.9000000000000
   22.0000000000000
   22.1000000000000
   22.2000000000000
   22.3000000000000
   22.4000000000000
   22.5000000000000
   22.6000000000001
   22.7000000000001
   22.8000000000001
   22.9000000000001
   23.0000000000001
   23.1000000000001
   23.2000000000001
   23.3000000000001
   23.4000000000001
   23.5000000000001
   23.6000000000001
   23.7000000000001
   23.8000000000001
   23.9000000000001
   24.0000000000001
   24.1000000000001
   24.2000000000001
   24.3000000000001
   24.4000000000001
   24.5000000000001
   24.6000000000001
   24.7000000000001
   24.8000000000001
   24.9000000000001
   25.0000000000001
   25.1000000000001
   25.2000000000001
   25.3000000000001
   25.4000000000001
   25.5000000000001
   25.6000000000001
   25.7000000000001
   25.8000000000001
   25.9000000000001
   26.0000000000001
   26.1000000000001
   26.2000000000001
   26.3000000000001
   26.4000000000001
   26.5000000000001
   26.6000000000001
   26.7000000000001
   26.8000000000001
   26.9000000000001
   27.0000000000001
   27.1000000000001
   27.2000000000001
   27.3000000000001
   27.4000000000001
   27.5000000000001
   27.6000000000001
   27.7000000000001
   27.8000000000001
   27.9000000000001
   28.0000000000001
   28.1000000000001
   28.2000000000001
   28.3000000000001
   28.4000000000001
   28.5000000000001
   28.6000000000001
   28.7000000000001
   28.8000000000001
   28.9000000000001
   29.0000000000001
   29.1000000000001
   29.2000000000001
   29.3000000000001
   29.4000000000001
   29.5000000000001
   29.6000000000002
   29.7000000000002
   29.8000000000002
   29.9000000000002
   30.0000000000002
   30.1000000000002
   30.2000000000002
   30.3000000000002
   30.4000000000002
   30.5000000000002
   30.6000000000002
   30.7000000000002
   30.8000000000002
   30.9000000000002
   31.0000000000002
   31.1000000000002
   31.2000000000002
   31.3000000000002
   31.4000000000002
   31.5000000000002
   31.6000000000002
   31.7000000000002
   31.8000000000002
   31.9000000000002
   32.0000000000002
   32.1000000000002
   32.2000000000002
   32.3000000000002
   32.4000000000002
   32.5000000000002
   32.6000000000002
   32.7000000000002
   32.8000000000002
   32.9000000000002
   33.0000000000002
   33.1000000000002
   33.2000000000002
   33.3000000000002
   33.4000000000002
   33.5000000000002
   33.6000000000002
   33.7000000000002
   33.8000000000002
   33.9000000000002
   34.0000000000002
