   1195
 0.173210E+01 0.100000E+01 -.100000E+01  0.129900E+01 0.125000E+01 -.100000E+01
 0.000000E+00 0.200000E+01 -.100000E+01  -.433000E+00 0.175000E+01 -.100000E+01
 -.173210E+01 0.100000E+01 -.100000E+01  -.173210E+01 0.500000E+00 -.100000E+01
 -.173210E+01 -.100000E+01 -.100000E+01  -.129900E+01 -.125000E+01 -.100000E+01
 0.000000E+00 -.200000E+01 -.100000E+01  0.433000E+00 -.175000E+01 -.100000E+01
 0.173210E+01 -.100000E+01 -.100000E+01  0.173210E+01 -.500000E+00 -.100000E+01
 0.173210E+01 0.100000E+01 -.100000E+01  0.173210E+01 0.100000E+01 -.750000E+00
 0.000000E+00 0.200000E+01 -.100000E+01  0.000000E+00 0.200000E+01 -.750000E+00
 -.173210E+01 0.100000E+01 -.100000E+01  -.173210E+01 0.100000E+01 -.750000E+00
 -.173210E+01 -.100000E+01 -.100000E+01  -.173210E+01 -.100000E+01 -.750000E+00
 0.000000E+00 -.200000E+01 -.100000E+01  0.000000E+00 -.200000E+01 -.750000E+00
 0.173210E+01 -.100000E+01 -.100000E+01  0.173210E+01 -.100000E+01 -.750000E+00
 0.173210E+01 0.100000E+01 -.750000E+00  0.129900E+01 0.125000E+01 -.750000E+00
 0.000000E+00 0.200000E+01 -.750000E+00  -.433000E+00 0.175000E+01 -.750000E+00
 -.173210E+01 0.100000E+01 -.750000E+00  -.173210E+01 0.500000E+00 -.750000E+00
 -.173210E+01 -.100000E+01 -.750000E+00  -.129900E+01 -.125000E+01 -.750000E+00
 0.000000E+00 -.200000E+01 -.750000E+00  0.433000E+00 -.175000E+01 -.750000E+00
 0.173210E+01 -.100000E+01 -.750000E+00  0.173210E+01 -.500000E+00 -.750000E+00
 0.173210E+01 0.100000E+01 -.750000E+00  0.173210E+01 0.100000E+01 -.500000E+00
 0.000000E+00 0.200000E+01 -.750000E+00  0.000000E+00 0.200000E+01 -.500000E+00
 -.173210E+01 0.100000E+01 -.750000E+00  -.173210E+01 0.100000E+01 -.500000E+00
 -.173210E+01 -.100000E+01 -.750000E+00  -.173210E+01 -.100000E+01 -.500000E+00
 0.000000E+00 -.200000E+01 -.750000E+00  0.000000E+00 -.200000E+01 -.500000E+00
 0.173210E+01 -.100000E+01 -.750000E+00  0.173210E+01 -.100000E+01 -.500000E+00
 0.173210E+01 0.100000E+01 -.500000E+00  0.129900E+01 0.125000E+01 -.500000E+00
 0.000000E+00 0.200000E+01 -.500000E+00  -.433000E+00 0.175000E+01 -.500000E+00
 -.173210E+01 0.100000E+01 -.500000E+00  -.173210E+01 0.500000E+00 -.500000E+00
 -.173210E+01 -.100000E+01 -.500000E+00  -.129900E+01 -.125000E+01 -.500000E+00
 0.000000E+00 -.200000E+01 -.500000E+00  0.433000E+00 -.175000E+01 -.500000E+00
 0.173210E+01 -.100000E+01 -.500000E+00  0.173210E+01 -.500000E+00 -.500000E+00
 0.173210E+01 0.100000E+01 -.500000E+00  0.173210E+01 0.100000E+01 -.250000E+00
 0.000000E+00 0.200000E+01 -.500000E+00  0.000000E+00 0.200000E+01 -.250000E+00
 -.173210E+01 0.100000E+01 -.500000E+00  -.173210E+01 0.100000E+01 -.250000E+00
 -.173210E+01 -.100000E+01 -.500000E+00  -.173210E+01 -.100000E+01 -.250000E+00
 0.000000E+00 -.200000E+01 -.500000E+00  0.000000E+00 -.200000E+01 -.250000E+00
 0.173210E+01 -.100000E+01 -.500000E+00  0.173210E+01 -.100000E+01 -.250000E+00
 0.173210E+01 0.100000E+01 -.250000E+00  0.129900E+01 0.125000E+01 -.250000E+00
 0.000000E+00 0.200000E+01 -.250000E+00  -.433000E+00 0.175000E+01 -.250000E+00
 -.173210E+01 0.100000E+01 -.250000E+00  -.173210E+01 0.500000E+00 -.250000E+00
 -.173210E+01 -.100000E+01 -.250000E+00  -.129900E+01 -.125000E+01 -.250000E+00
 0.000000E+00 -.200000E+01 -.250000E+00  0.433000E+00 -.175000E+01 -.250000E+00
 0.173210E+01 -.100000E+01 -.250000E+00  0.173210E+01 -.500000E+00 -.250000E+00
 0.173210E+01 0.100000E+01 -.250000E+00  0.173210E+01 0.100000E+01 0.000000E+00
 0.000000E+00 0.200000E+01 -.250000E+00  0.000000E+00 0.200000E+01 0.000000E+00
 -.173210E+01 0.100000E+01 -.250000E+00  -.173210E+01 0.100000E+01 0.000000E+00
 -.173210E+01 -.100000E+01 -.250000E+00  -.173210E+01 -.100000E+01 0.000000E+00
 0.000000E+00 -.200000E+01 -.250000E+00  0.000000E+00 -.200000E+01 0.000000E+00
 0.173210E+01 -.100000E+01 -.250000E+00  0.173210E+01 -.100000E+01 0.000000E+00
 0.173210E+01 0.100000E+01 0.000000E+00  0.129900E+01 0.125000E+01 0.000000E+00
 0.000000E+00 0.200000E+01 0.000000E+00  -.433000E+00 0.175000E+01 0.000000E+00
 -.173210E+01 0.100000E+01 0.000000E+00  -.173210E+01 0.500000E+00 0.000000E+00
 -.173210E+01 -.100000E+01 0.000000E+00  -.129900E+01 -.125000E+01 0.000000E+00
 0.000000E+00 -.200000E+01 0.000000E+00  0.433000E+00 -.175000E+01 0.000000E+00
 0.173210E+01 -.100000E+01 0.000000E+00  0.173210E+01 -.500000E+00 0.000000E+00
 0.173210E+01 0.100000E+01 0.000000E+00  0.173210E+01 0.100000E+01 0.250000E+00
 0.000000E+00 0.200000E+01 0.000000E+00  0.000000E+00 0.200000E+01 0.250000E+00
 -.173210E+01 0.100000E+01 0.000000E+00  -.173210E+01 0.100000E+01 0.250000E+00
 -.173210E+01 -.100000E+01 0.000000E+00  -.173210E+01 -.100000E+01 0.250000E+00
 0.000000E+00 -.200000E+01 0.000000E+00  0.000000E+00 -.200000E+01 0.250000E+00
 0.173210E+01 -.100000E+01 0.000000E+00  0.173210E+01 -.100000E+01 0.250000E+00
 0.173210E+01 0.100000E+01 0.250000E+00  0.129900E+01 0.125000E+01 0.250000E+00
 0.000000E+00 0.200000E+01 0.250000E+00  -.433000E+00 0.175000E+01 0.250000E+00
 -.173210E+01 0.100000E+01 0.250000E+00  -.173210E+01 0.500000E+00 0.250000E+00
 -.173210E+01 -.100000E+01 0.250000E+00  -.129900E+01 -.125000E+01 0.250000E+00
 0.000000E+00 -.200000E+01 0.250000E+00  0.433000E+00 -.175000E+01 0.250000E+00
 0.173210E+01 -.100000E+01 0.250000E+00  0.173210E+01 -.500000E+00 0.250000E+00
 0.173210E+01 0.100000E+01 0.250000E+00  0.173210E+01 0.100000E+01 0.500000E+00
 0.000000E+00 0.200000E+01 0.250000E+00  0.000000E+00 0.200000E+01 0.500000E+00
 -.173210E+01 0.100000E+01 0.250000E+00  -.173210E+01 0.100000E+01 0.500000E+00
 -.173210E+01 -.100000E+01 0.250000E+00  -.173210E+01 -.100000E+01 0.500000E+00
 0.000000E+00 -.200000E+01 0.250000E+00  0.000000E+00 -.200000E+01 0.500000E+00
 0.173210E+01 -.100000E+01 0.250000E+00  0.173210E+01 -.100000E+01 0.500000E+00
 0.173210E+01 0.100000E+01 0.500000E+00  0.129900E+01 0.125000E+01 0.500000E+00
 0.000000E+00 0.200000E+01 0.500000E+00  -.433000E+00 0.175000E+01 0.500000E+00
 -.173210E+01 0.100000E+01 0.500000E+00  -.173210E+01 0.500000E+00 0.500000E+00
 -.173210E+01 -.100000E+01 0.500000E+00  -.129900E+01 -.125000E+01 0.500000E+00
 0.000000E+00 -.200000E+01 0.500000E+00  0.433000E+00 -.175000E+01 0.500000E+00
 0.173210E+01 -.100000E+01 0.500000E+00  0.173210E+01 -.500000E+00 0.500000E+00
 0.173210E+01 0.100000E+01 0.500000E+00  0.173210E+01 0.100000E+01 0.750000E+00
 0.000000E+00 0.200000E+01 0.500000E+00  0.000000E+00 0.200000E+01 0.750000E+00
 -.173210E+01 0.100000E+01 0.500000E+00  -.173210E+01 0.100000E+01 0.750000E+00
 -.173210E+01 -.100000E+01 0.500000E+00  -.173210E+01 -.100000E+01 0.750000E+00
 0.000000E+00 -.200000E+01 0.500000E+00  0.000000E+00 -.200000E+01 0.750000E+00
 0.173210E+01 -.100000E+01 0.500000E+00  0.173210E+01 -.100000E+01 0.750000E+00
 0.173210E+01 0.100000E+01 0.750000E+00  0.129900E+01 0.125000E+01 0.750000E+00
 0.000000E+00 0.200000E+01 0.750000E+00  -.433000E+00 0.175000E+01 0.750000E+00
 -.173210E+01 0.100000E+01 0.750000E+00  -.173210E+01 0.500000E+00 0.750000E+00
 -.173210E+01 -.100000E+01 0.750000E+00  -.129900E+01 -.125000E+01 0.750000E+00
 0.000000E+00 -.200000E+01 0.750000E+00  0.433000E+00 -.175000E+01 0.750000E+00
 0.173210E+01 -.100000E+01 0.750000E+00  0.173210E+01 -.500000E+00 0.750000E+00
 0.173210E+01 0.100000E+01 0.750000E+00  0.173210E+01 0.100000E+01 0.100000E+01
 0.000000E+00 0.200000E+01 0.750000E+00  0.000000E+00 0.200000E+01 0.100000E+01
 -.173210E+01 0.100000E+01 0.750000E+00  -.173210E+01 0.100000E+01 0.100000E+01
 -.173210E+01 -.100000E+01 0.750000E+00  -.173210E+01 -.100000E+01 0.100000E+01
 0.000000E+00 -.200000E+01 0.750000E+00  0.000000E+00 -.200000E+01 0.100000E+01
 0.173210E+01 -.100000E+01 0.750000E+00  0.173210E+01 -.100000E+01 0.100000E+01
 0.173210E+01 0.100000E+01 0.100000E+01  0.129900E+01 0.125000E+01 0.100000E+01
 0.000000E+00 0.200000E+01 0.100000E+01  -.433000E+00 0.175000E+01 0.100000E+01
 -.173210E+01 0.100000E+01 0.100000E+01  -.173210E+01 0.500000E+00 0.100000E+01
 -.173210E+01 -.100000E+01 0.100000E+01  -.129900E+01 -.125000E+01 0.100000E+01
 0.000000E+00 -.200000E+01 0.100000E+01  0.433000E+00 -.175000E+01 0.100000E+01
 0.173210E+01 -.100000E+01 0.100000E+01  0.173210E+01 -.500000E+00 0.100000E+01
 0.173210E+01 0.100000E+01 -.100000E+01  0.148670E+01 0.858300E+00 -.100000E+01
 0.000000E+00 0.200000E+01 -.100000E+01  0.000000E+00 0.171670E+01 -.100000E+01
 -.173210E+01 0.100000E+01 -.100000E+01  -.148670E+01 0.858300E+00 -.100000E+01
 -.173210E+01 -.100000E+01 -.100000E+01  -.148670E+01 -.858300E+00 -.100000E+01
 0.000000E+00 -.200000E+01 -.100000E+01  0.000000E+00 -.171670E+01 -.100000E+01
 0.173210E+01 -.100000E+01 -.100000E+01  0.148670E+01 -.858300E+00 -.100000E+01
 0.148670E+01 0.858300E+00 -.100000E+01  0.111500E+01 0.107290E+01 -.100000E+01
 0.000000E+00 0.171670E+01 -.100000E+01  -.371700E+00 0.150210E+01 -.100000E+01
 -.148670E+01 0.858300E+00 -.100000E+01  -.148670E+01 0.429200E+00 -.100000E+01
 -.148670E+01 -.858300E+00 -.100000E+01  -.111500E+01 -.107290E+01 -.100000E+01
 0.000000E+00 -.171670E+01 -.100000E+01  0.371700E+00 -.150210E+01 -.100000E+01
 0.148670E+01 -.858300E+00 -.100000E+01  0.148670E+01 -.429200E+00 -.100000E+01
 0.148670E+01 0.858300E+00 -.100000E+01  0.124130E+01 0.716700E+00 -.100000E+01
 0.000000E+00 0.171670E+01 -.100000E+01  0.000000E+00 0.143330E+01 -.100000E+01
 -.148670E+01 0.858300E+00 -.100000E+01  -.124130E+01 0.716700E+00 -.100000E+01
 -.148670E+01 -.858300E+00 -.100000E+01  -.124130E+01 -.716700E+00 -.100000E+01
 0.000000E+00 -.171670E+01 -.100000E+01  0.000000E+00 -.143330E+01 -.100000E+01
 0.148670E+01 -.858300E+00 -.100000E+01  0.124130E+01 -.716700E+00 -.100000E+01
 0.124130E+01 0.716700E+00 -.100000E+01  0.931000E+00 0.895800E+00 -.100000E+01
 0.000000E+00 0.143330E+01 -.100000E+01  -.310300E+00 0.125420E+01 -.100000E+01
 -.124130E+01 0.716700E+00 -.100000E+01  -.124130E+01 0.358300E+00 -.100000E+01
 -.124130E+01 -.716700E+00 -.100000E+01  -.931000E+00 -.895800E+00 -.100000E+01
 0.000000E+00 -.143330E+01 -.100000E+01  0.310300E+00 -.125420E+01 -.100000E+01
 0.124130E+01 -.716700E+00 -.100000E+01  0.124130E+01 -.358300E+00 -.100000E+01
 0.124130E+01 0.716700E+00 -.100000E+01  0.995900E+00 0.575000E+00 -.100000E+01
 0.000000E+00 0.143330E+01 -.100000E+01  0.000000E+00 0.115000E+01 -.100000E+01
 -.124130E+01 0.716700E+00 -.100000E+01  -.995900E+00 0.575000E+00 -.100000E+01
 -.124130E+01 -.716700E+00 -.100000E+01  -.995900E+00 -.575000E+00 -.100000E+01
 0.000000E+00 -.143330E+01 -.100000E+01  0.000000E+00 -.115000E+01 -.100000E+01
 0.124130E+01 -.716700E+00 -.100000E+01  0.995900E+00 -.575000E+00 -.100000E+01
 0.995900E+00 0.575000E+00 -.100000E+01  0.498000E+00 0.862500E+00 -.100000E+01
 0.000000E+00 0.115000E+01 -.100000E+01  -.498000E+00 0.862500E+00 -.100000E+01
 -.995900E+00 0.575000E+00 -.100000E+01  -.995900E+00 0.000000E+00 -.100000E+01
 -.995900E+00 -.575000E+00 -.100000E+01  -.498000E+00 -.862500E+00 -.100000E+01
 0.000000E+00 -.115000E+01 -.100000E+01  0.498000E+00 -.862500E+00 -.100000E+01
 0.995900E+00 -.575000E+00 -.100000E+01  0.995900E+00 0.000000E+00 -.100000E+01
 0.995900E+00 0.575000E+00 -.100000E+01  0.750600E+00 0.433300E+00 -.100000E+01
 0.000000E+00 0.115000E+01 -.100000E+01  0.000000E+00 0.866700E+00 -.100000E+01
 -.995900E+00 0.575000E+00 -.100000E+01  -.750600E+00 0.433300E+00 -.100000E+01
 -.995900E+00 -.575000E+00 -.100000E+01  -.750600E+00 -.433300E+00 -.100000E+01
 0.000000E+00 -.115000E+01 -.100000E+01  0.000000E+00 -.866700E+00 -.100000E+01
 0.995900E+00 -.575000E+00 -.100000E+01  0.750600E+00 -.433300E+00 -.100000E+01
 0.750600E+00 0.433300E+00 -.100000E+01  0.375300E+00 0.650000E+00 -.100000E+01
 0.000000E+00 0.866700E+00 -.100000E+01  -.375300E+00 0.650000E+00 -.100000E+01
 -.750600E+00 0.433300E+00 -.100000E+01  -.750600E+00 0.000000E+00 -.100000E+01
 -.750600E+00 -.433300E+00 -.100000E+01  -.375300E+00 -.650000E+00 -.100000E+01
 0.000000E+00 -.866700E+00 -.100000E+01  0.375300E+00 -.650000E+00 -.100000E+01
 0.750600E+00 -.433300E+00 -.100000E+01  0.750600E+00 0.000000E+00 -.100000E+01
 0.750600E+00 0.433300E+00 -.100000E+01  0.505200E+00 0.291700E+00 -.100000E+01
 0.000000E+00 0.866700E+00 -.100000E+01  0.000000E+00 0.583300E+00 -.100000E+01
 -.750600E+00 0.433300E+00 -.100000E+01  -.505200E+00 0.291700E+00 -.100000E+01
 -.750600E+00 -.433300E+00 -.100000E+01  -.505200E+00 -.291700E+00 -.100000E+01
 0.000000E+00 -.866700E+00 -.100000E+01  0.000000E+00 -.583300E+00 -.100000E+01
 0.750600E+00 -.433300E+00 -.100000E+01  0.505200E+00 -.291700E+00 -.100000E+01
 0.505200E+00 0.291700E+00 -.100000E+01  0.000000E+00 0.583300E+00 -.100000E+01
 0.000000E+00 0.583300E+00 -.100000E+01  -.505200E+00 0.291700E+00 -.100000E+01
 -.505200E+00 0.291700E+00 -.100000E+01  -.505200E+00 -.291700E+00 -.100000E+01
 -.505200E+00 -.291700E+00 -.100000E+01  0.000000E+00 -.583300E+00 -.100000E+01
 0.000000E+00 -.583300E+00 -.100000E+01  0.505200E+00 -.291700E+00 -.100000E+01
 0.505200E+00 -.291700E+00 -.100000E+01  0.505200E+00 0.291700E+00 -.100000E+01
 0.505200E+00 0.291700E+00 -.100000E+01  0.259800E+00 0.150000E+00 -.100000E+01
 0.000000E+00 0.583300E+00 -.100000E+01  0.000000E+00 0.300000E+00 -.100000E+01
 -.505200E+00 0.291700E+00 -.100000E+01  -.259800E+00 0.150000E+00 -.100000E+01
 -.505200E+00 -.291700E+00 -.100000E+01  -.259800E+00 -.150000E+00 -.100000E+01
 0.000000E+00 -.583300E+00 -.100000E+01  0.000000E+00 -.300000E+00 -.100000E+01
 0.505200E+00 -.291700E+00 -.100000E+01  0.259800E+00 -.150000E+00 -.100000E+01
 0.259800E+00 0.150000E+00 -.100000E+01  0.000000E+00 0.300000E+00 -.100000E+01
 0.000000E+00 0.300000E+00 -.100000E+01  -.259800E+00 0.150000E+00 -.100000E+01
 -.259800E+00 0.150000E+00 -.100000E+01  -.259800E+00 -.150000E+00 -.100000E+01
 -.259800E+00 -.150000E+00 -.100000E+01  0.000000E+00 -.300000E+00 -.100000E+01
 0.000000E+00 -.300000E+00 -.100000E+01  0.259800E+00 -.150000E+00 -.100000E+01
 0.259800E+00 -.150000E+00 -.100000E+01  0.259800E+00 0.150000E+00 -.100000E+01
 0.173210E+01 0.100000E+01 0.100000E+01  0.148670E+01 0.858300E+00 0.100000E+01
 0.000000E+00 0.200000E+01 0.100000E+01  0.000000E+00 0.171670E+01 0.100000E+01
 -.173210E+01 0.100000E+01 0.100000E+01  -.148670E+01 0.858300E+00 0.100000E+01
 -.173210E+01 -.100000E+01 0.100000E+01  -.148670E+01 -.858300E+00 0.100000E+01
 0.000000E+00 -.200000E+01 0.100000E+01  0.000000E+00 -.171670E+01 0.100000E+01
 0.173210E+01 -.100000E+01 0.100000E+01  0.148670E+01 -.858300E+00 0.100000E+01
 0.148670E+01 0.858300E+00 0.100000E+01  0.111500E+01 0.107290E+01 0.100000E+01
 0.000000E+00 0.171670E+01 0.100000E+01  -.371700E+00 0.150210E+01 0.100000E+01
 -.148670E+01 0.858300E+00 0.100000E+01  -.148670E+01 0.429200E+00 0.100000E+01
 -.148670E+01 -.858300E+00 0.100000E+01  -.111500E+01 -.107290E+01 0.100000E+01
 0.000000E+00 -.171670E+01 0.100000E+01  0.371700E+00 -.150210E+01 0.100000E+01
 0.148670E+01 -.858300E+00 0.100000E+01  0.148670E+01 -.429200E+00 0.100000E+01
 0.148670E+01 0.858300E+00 0.100000E+01  0.124130E+01 0.716700E+00 0.100000E+01
 0.000000E+00 0.171670E+01 0.100000E+01  0.000000E+00 0.143330E+01 0.100000E+01
 -.148670E+01 0.858300E+00 0.100000E+01  -.124130E+01 0.716700E+00 0.100000E+01
 -.148670E+01 -.858300E+00 0.100000E+01  -.124130E+01 -.716700E+00 0.100000E+01
 0.000000E+00 -.171670E+01 0.100000E+01  0.000000E+00 -.143330E+01 0.100000E+01
 0.148670E+01 -.858300E+00 0.100000E+01  0.124130E+01 -.716700E+00 0.100000E+01
 0.124130E+01 0.716700E+00 0.100000E+01  0.931000E+00 0.895800E+00 0.100000E+01
 0.000000E+00 0.143330E+01 0.100000E+01  -.310300E+00 0.125420E+01 0.100000E+01
 -.124130E+01 0.716700E+00 0.100000E+01  -.124130E+01 0.358300E+00 0.100000E+01
 -.124130E+01 -.716700E+00 0.100000E+01  -.931000E+00 -.895800E+00 0.100000E+01
 0.000000E+00 -.143330E+01 0.100000E+01  0.310300E+00 -.125420E+01 0.100000E+01
 0.124130E+01 -.716700E+00 0.100000E+01  0.124130E+01 -.358300E+00 0.100000E+01
 0.124130E+01 0.716700E+00 0.100000E+01  0.995900E+00 0.575000E+00 0.100000E+01
 0.000000E+00 0.143330E+01 0.100000E+01  0.000000E+00 0.115000E+01 0.100000E+01
 -.124130E+01 0.716700E+00 0.100000E+01  -.995900E+00 0.575000E+00 0.100000E+01
 -.124130E+01 -.716700E+00 0.100000E+01  -.995900E+00 -.575000E+00 0.100000E+01
 0.000000E+00 -.143330E+01 0.100000E+01  0.000000E+00 -.115000E+01 0.100000E+01
 0.124130E+01 -.716700E+00 0.100000E+01  0.995900E+00 -.575000E+00 0.100000E+01
 0.995900E+00 0.575000E+00 0.100000E+01  0.498000E+00 0.862500E+00 0.100000E+01
 0.000000E+00 0.115000E+01 0.100000E+01  -.498000E+00 0.862500E+00 0.100000E+01
 -.995900E+00 0.575000E+00 0.100000E+01  -.995900E+00 0.000000E+00 0.100000E+01
 -.995900E+00 -.575000E+00 0.100000E+01  -.498000E+00 -.862500E+00 0.100000E+01
 0.000000E+00 -.115000E+01 0.100000E+01  0.498000E+00 -.862500E+00 0.100000E+01
 0.995900E+00 -.575000E+00 0.100000E+01  0.995900E+00 0.000000E+00 0.100000E+01
 0.995900E+00 0.575000E+00 0.100000E+01  0.750600E+00 0.433300E+00 0.100000E+01
 0.000000E+00 0.115000E+01 0.100000E+01  0.000000E+00 0.866700E+00 0.100000E+01
 -.995900E+00 0.575000E+00 0.100000E+01  -.750600E+00 0.433300E+00 0.100000E+01
 -.995900E+00 -.575000E+00 0.100000E+01  -.750600E+00 -.433300E+00 0.100000E+01
 0.000000E+00 -.115000E+01 0.100000E+01  0.000000E+00 -.866700E+00 0.100000E+01
 0.995900E+00 -.575000E+00 0.100000E+01  0.750600E+00 -.433300E+00 0.100000E+01
 0.750600E+00 0.433300E+00 0.100000E+01  0.375300E+00 0.650000E+00 0.100000E+01
 0.000000E+00 0.866700E+00 0.100000E+01  -.375300E+00 0.650000E+00 0.100000E+01
 -.750600E+00 0.433300E+00 0.100000E+01  -.750600E+00 0.000000E+00 0.100000E+01
 -.750600E+00 -.433300E+00 0.100000E+01  -.375300E+00 -.650000E+00 0.100000E+01
 0.000000E+00 -.866700E+00 0.100000E+01  0.375300E+00 -.650000E+00 0.100000E+01
 0.750600E+00 -.433300E+00 0.100000E+01  0.750600E+00 0.000000E+00 0.100000E+01
 0.750600E+00 0.433300E+00 0.100000E+01  0.505200E+00 0.291700E+00 0.100000E+01
 0.000000E+00 0.866700E+00 0.100000E+01  0.000000E+00 0.583300E+00 0.100000E+01
 -.750600E+00 0.433300E+00 0.100000E+01  -.505200E+00 0.291700E+00 0.100000E+01
 -.750600E+00 -.433300E+00 0.100000E+01  -.505200E+00 -.291700E+00 0.100000E+01
 0.000000E+00 -.866700E+00 0.100000E+01  0.000000E+00 -.583300E+00 0.100000E+01
 0.750600E+00 -.433300E+00 0.100000E+01  0.505200E+00 -.291700E+00 0.100000E+01
 0.505200E+00 0.291700E+00 0.100000E+01  0.000000E+00 0.583300E+00 0.100000E+01
 0.000000E+00 0.583300E+00 0.100000E+01  -.505200E+00 0.291700E+00 0.100000E+01
 -.505200E+00 0.291700E+00 0.100000E+01  -.505200E+00 -.291700E+00 0.100000E+01
 -.505200E+00 -.291700E+00 0.100000E+01  0.000000E+00 -.583300E+00 0.100000E+01
 0.000000E+00 -.583300E+00 0.100000E+01  0.505200E+00 -.291700E+00 0.100000E+01
 0.505200E+00 -.291700E+00 0.100000E+01  0.505200E+00 0.291700E+00 0.100000E+01
 0.505200E+00 0.291700E+00 0.100000E+01  0.259800E+00 0.150000E+00 0.100000E+01
 0.000000E+00 0.583300E+00 0.100000E+01  0.000000E+00 0.300000E+00 0.100000E+01
 -.505200E+00 0.291700E+00 0.100000E+01  -.259800E+00 0.150000E+00 0.100000E+01
 -.505200E+00 -.291700E+00 0.100000E+01  -.259800E+00 -.150000E+00 0.100000E+01
 0.000000E+00 -.583300E+00 0.100000E+01  0.000000E+00 -.300000E+00 0.100000E+01
 0.505200E+00 -.291700E+00 0.100000E+01  0.259800E+00 -.150000E+00 0.100000E+01
 0.259800E+00 0.150000E+00 0.100000E+01  0.000000E+00 0.300000E+00 0.100000E+01
 0.000000E+00 0.300000E+00 0.100000E+01  -.259800E+00 0.150000E+00 0.100000E+01
 -.259800E+00 0.150000E+00 0.100000E+01  -.259800E+00 -.150000E+00 0.100000E+01
 -.259800E+00 -.150000E+00 0.100000E+01  0.000000E+00 -.300000E+00 0.100000E+01
 0.000000E+00 -.300000E+00 0.100000E+01  0.259800E+00 -.150000E+00 0.100000E+01
 0.259800E+00 -.150000E+00 0.100000E+01  0.259800E+00 0.150000E+00 0.100000E+01
 0.866000E+00 0.150000E+01 -.100000E+01  0.433000E+00 0.175000E+01 -.100000E+01
 0.129900E+01 0.125000E+01 -.100000E+01  0.866000E+00 0.150000E+01 -.100000E+01
 -.866000E+00 0.150000E+01 -.100000E+01  -.129900E+01 0.125000E+01 -.100000E+01
 -.433000E+00 0.175000E+01 -.100000E+01  -.866000E+00 0.150000E+01 -.100000E+01
 -.173210E+01 0.000000E+00 -.100000E+01  -.173210E+01 -.500000E+00 -.100000E+01
 -.173210E+01 0.500000E+00 -.100000E+01  -.173210E+01 0.000000E+00 -.100000E+01
 -.866000E+00 -.150000E+01 -.100000E+01  -.433000E+00 -.175000E+01 -.100000E+01
 -.129900E+01 -.125000E+01 -.100000E+01  -.866000E+00 -.150000E+01 -.100000E+01
 0.866000E+00 -.150000E+01 -.100000E+01  0.129900E+01 -.125000E+01 -.100000E+01
 0.433000E+00 -.175000E+01 -.100000E+01  0.866000E+00 -.150000E+01 -.100000E+01
 0.173210E+01 0.000000E+00 -.100000E+01  0.173210E+01 0.500000E+00 -.100000E+01
 0.173210E+01 -.500000E+00 -.100000E+01  0.173210E+01 0.000000E+00 -.100000E+01
 0.866000E+00 0.150000E+01 -.750000E+00  0.433000E+00 0.175000E+01 -.750000E+00
 0.129900E+01 0.125000E+01 -.750000E+00  0.866000E+00 0.150000E+01 -.750000E+00
 -.866000E+00 0.150000E+01 -.750000E+00  -.129900E+01 0.125000E+01 -.750000E+00
 -.433000E+00 0.175000E+01 -.750000E+00  -.866000E+00 0.150000E+01 -.750000E+00
 -.173210E+01 0.000000E+00 -.750000E+00  -.173210E+01 -.500000E+00 -.750000E+00
 -.173210E+01 0.500000E+00 -.750000E+00  -.173210E+01 0.000000E+00 -.750000E+00
 -.866000E+00 -.150000E+01 -.750000E+00  -.433000E+00 -.175000E+01 -.750000E+00
 -.129900E+01 -.125000E+01 -.750000E+00  -.866000E+00 -.150000E+01 -.750000E+00
 0.866000E+00 -.150000E+01 -.750000E+00  0.129900E+01 -.125000E+01 -.750000E+00
 0.433000E+00 -.175000E+01 -.750000E+00  0.866000E+00 -.150000E+01 -.750000E+00
 0.173210E+01 0.000000E+00 -.750000E+00  0.173210E+01 0.500000E+00 -.750000E+00
 0.173210E+01 -.500000E+00 -.750000E+00  0.173210E+01 0.000000E+00 -.750000E+00
 0.866000E+00 0.150000E+01 -.500000E+00  0.433000E+00 0.175000E+01 -.500000E+00
 0.129900E+01 0.125000E+01 -.500000E+00  0.866000E+00 0.150000E+01 -.500000E+00
 -.866000E+00 0.150000E+01 -.500000E+00  -.129900E+01 0.125000E+01 -.500000E+00
 -.433000E+00 0.175000E+01 -.500000E+00  -.866000E+00 0.150000E+01 -.500000E+00
 -.173210E+01 0.000000E+00 -.500000E+00  -.173210E+01 -.500000E+00 -.500000E+00
 -.173210E+01 0.500000E+00 -.500000E+00  -.173210E+01 0.000000E+00 -.500000E+00
 -.866000E+00 -.150000E+01 -.500000E+00  -.433000E+00 -.175000E+01 -.500000E+00
 -.129900E+01 -.125000E+01 -.500000E+00  -.866000E+00 -.150000E+01 -.500000E+00
 0.866000E+00 -.150000E+01 -.500000E+00  0.129900E+01 -.125000E+01 -.500000E+00
 0.433000E+00 -.175000E+01 -.500000E+00  0.866000E+00 -.150000E+01 -.500000E+00
 0.173210E+01 0.000000E+00 -.500000E+00  0.173210E+01 0.500000E+00 -.500000E+00
 0.173210E+01 -.500000E+00 -.500000E+00  0.173210E+01 0.000000E+00 -.500000E+00
 0.866000E+00 0.150000E+01 -.250000E+00  0.433000E+00 0.175000E+01 -.250000E+00
 0.129900E+01 0.125000E+01 -.250000E+00  0.866000E+00 0.150000E+01 -.250000E+00
 -.866000E+00 0.150000E+01 -.250000E+00  -.129900E+01 0.125000E+01 -.250000E+00
 -.433000E+00 0.175000E+01 -.250000E+00  -.866000E+00 0.150000E+01 -.250000E+00
 -.173210E+01 0.000000E+00 -.250000E+00  -.173210E+01 -.500000E+00 -.250000E+00
 -.173210E+01 0.500000E+00 -.250000E+00  -.173210E+01 0.000000E+00 -.250000E+00
 -.866000E+00 -.150000E+01 -.250000E+00  -.433000E+00 -.175000E+01 -.250000E+00
 -.129900E+01 -.125000E+01 -.250000E+00  -.866000E+00 -.150000E+01 -.250000E+00
 0.866000E+00 -.150000E+01 -.250000E+00  0.129900E+01 -.125000E+01 -.250000E+00
 0.433000E+00 -.175000E+01 -.250000E+00  0.866000E+00 -.150000E+01 -.250000E+00
 0.173210E+01 0.000000E+00 -.250000E+00  0.173210E+01 0.500000E+00 -.250000E+00
 0.173210E+01 -.500000E+00 -.250000E+00  0.173210E+01 0.000000E+00 -.250000E+00
 0.866000E+00 0.150000E+01 0.000000E+00  0.433000E+00 0.175000E+01 0.000000E+00
 0.129900E+01 0.125000E+01 0.000000E+00  0.866000E+00 0.150000E+01 0.000000E+00
 -.866000E+00 0.150000E+01 0.000000E+00  -.129900E+01 0.125000E+01 0.000000E+00
 -.433000E+00 0.175000E+01 0.000000E+00  -.866000E+00 0.150000E+01 0.000000E+00
 -.173210E+01 0.000000E+00 0.000000E+00  -.173210E+01 -.500000E+00 0.000000E+00
 -.173210E+01 0.500000E+00 0.000000E+00  -.173210E+01 0.000000E+00 0.000000E+00
 -.866000E+00 -.150000E+01 0.000000E+00  -.433000E+00 -.175000E+01 0.000000E+00
 -.129900E+01 -.125000E+01 0.000000E+00  -.866000E+00 -.150000E+01 0.000000E+00
 0.866000E+00 -.150000E+01 0.000000E+00  0.129900E+01 -.125000E+01 0.000000E+00
 0.433000E+00 -.175000E+01 0.000000E+00  0.866000E+00 -.150000E+01 0.000000E+00
 0.173210E+01 0.000000E+00 0.000000E+00  0.173210E+01 0.500000E+00 0.000000E+00
 0.173210E+01 -.500000E+00 0.000000E+00  0.173210E+01 0.000000E+00 0.000000E+00
 0.866000E+00 0.150000E+01 0.250000E+00  0.433000E+00 0.175000E+01 0.250000E+00
 0.129900E+01 0.125000E+01 0.250000E+00  0.866000E+00 0.150000E+01 0.250000E+00
 -.866000E+00 0.150000E+01 0.250000E+00  -.129900E+01 0.125000E+01 0.250000E+00
 -.433000E+00 0.175000E+01 0.250000E+00  -.866000E+00 0.150000E+01 0.250000E+00
 -.173210E+01 0.000000E+00 0.250000E+00  -.173210E+01 -.500000E+00 0.250000E+00
 -.173210E+01 0.500000E+00 0.250000E+00  -.173210E+01 0.000000E+00 0.250000E+00
 -.866000E+00 -.150000E+01 0.250000E+00  -.433000E+00 -.175000E+01 0.250000E+00
 -.129900E+01 -.125000E+01 0.250000E+00  -.866000E+00 -.150000E+01 0.250000E+00
 0.866000E+00 -.150000E+01 0.250000E+00  0.129900E+01 -.125000E+01 0.250000E+00
 0.433000E+00 -.175000E+01 0.250000E+00  0.866000E+00 -.150000E+01 0.250000E+00
 0.173210E+01 0.000000E+00 0.250000E+00  0.173210E+01 0.500000E+00 0.250000E+00
 0.173210E+01 -.500000E+00 0.250000E+00  0.173210E+01 0.000000E+00 0.250000E+00
 0.866000E+00 0.150000E+01 0.500000E+00  0.433000E+00 0.175000E+01 0.500000E+00
 0.129900E+01 0.125000E+01 0.500000E+00  0.866000E+00 0.150000E+01 0.500000E+00
 -.866000E+00 0.150000E+01 0.500000E+00  -.129900E+01 0.125000E+01 0.500000E+00
 -.433000E+00 0.175000E+01 0.500000E+00  -.866000E+00 0.150000E+01 0.500000E+00
 -.173210E+01 0.000000E+00 0.500000E+00  -.173210E+01 -.500000E+00 0.500000E+00
 -.173210E+01 0.500000E+00 0.500000E+00  -.173210E+01 0.000000E+00 0.500000E+00
 -.866000E+00 -.150000E+01 0.500000E+00  -.433000E+00 -.175000E+01 0.500000E+00
 -.129900E+01 -.125000E+01 0.500000E+00  -.866000E+00 -.150000E+01 0.500000E+00
 0.866000E+00 -.150000E+01 0.500000E+00  0.129900E+01 -.125000E+01 0.500000E+00
 0.433000E+00 -.175000E+01 0.500000E+00  0.866000E+00 -.150000E+01 0.500000E+00
 0.173210E+01 0.000000E+00 0.500000E+00  0.173210E+01 0.500000E+00 0.500000E+00
 0.173210E+01 -.500000E+00 0.500000E+00  0.173210E+01 0.000000E+00 0.500000E+00
 0.866000E+00 0.150000E+01 0.750000E+00  0.433000E+00 0.175000E+01 0.750000E+00
 0.129900E+01 0.125000E+01 0.750000E+00  0.866000E+00 0.150000E+01 0.750000E+00
 -.866000E+00 0.150000E+01 0.750000E+00  -.129900E+01 0.125000E+01 0.750000E+00
 -.433000E+00 0.175000E+01 0.750000E+00  -.866000E+00 0.150000E+01 0.750000E+00
 -.173210E+01 0.000000E+00 0.750000E+00  -.173210E+01 -.500000E+00 0.750000E+00
 -.173210E+01 0.500000E+00 0.750000E+00  -.173210E+01 0.000000E+00 0.750000E+00
 -.866000E+00 -.150000E+01 0.750000E+00  -.433000E+00 -.175000E+01 0.750000E+00
 -.129900E+01 -.125000E+01 0.750000E+00  -.866000E+00 -.150000E+01 0.750000E+00
 0.866000E+00 -.150000E+01 0.750000E+00  0.129900E+01 -.125000E+01 0.750000E+00
 0.433000E+00 -.175000E+01 0.750000E+00  0.866000E+00 -.150000E+01 0.750000E+00
 0.173210E+01 0.000000E+00 0.750000E+00  0.173210E+01 0.500000E+00 0.750000E+00
 0.173210E+01 -.500000E+00 0.750000E+00  0.173210E+01 0.000000E+00 0.750000E+00
 0.866000E+00 0.150000E+01 0.100000E+01  0.433000E+00 0.175000E+01 0.100000E+01
 0.129900E+01 0.125000E+01 0.100000E+01  0.866000E+00 0.150000E+01 0.100000E+01
 -.866000E+00 0.150000E+01 0.100000E+01  -.129900E+01 0.125000E+01 0.100000E+01
 -.433000E+00 0.175000E+01 0.100000E+01  -.866000E+00 0.150000E+01 0.100000E+01
 -.173210E+01 0.000000E+00 0.100000E+01  -.173210E+01 -.500000E+00 0.100000E+01
 -.173210E+01 0.500000E+00 0.100000E+01  -.173210E+01 0.000000E+00 0.100000E+01
 -.866000E+00 -.150000E+01 0.100000E+01  -.433000E+00 -.175000E+01 0.100000E+01
 -.129900E+01 -.125000E+01 0.100000E+01  -.866000E+00 -.150000E+01 0.100000E+01
 0.866000E+00 -.150000E+01 0.100000E+01  0.129900E+01 -.125000E+01 0.100000E+01
 0.433000E+00 -.175000E+01 0.100000E+01  0.866000E+00 -.150000E+01 0.100000E+01
 0.173210E+01 0.000000E+00 0.100000E+01  0.173210E+01 0.500000E+00 0.100000E+01
 0.173210E+01 -.500000E+00 0.100000E+01  0.173210E+01 0.000000E+00 0.100000E+01
 0.743300E+00 0.128750E+01 -.100000E+01  0.371700E+00 0.150210E+01 -.100000E+01
 0.111500E+01 0.107290E+01 -.100000E+01  0.743300E+00 0.128750E+01 -.100000E+01
 -.743300E+00 0.128750E+01 -.100000E+01  -.111500E+01 0.107290E+01 -.100000E+01
 -.371700E+00 0.150210E+01 -.100000E+01  -.743300E+00 0.128750E+01 -.100000E+01
 -.148670E+01 0.000000E+00 -.100000E+01  -.148670E+01 -.429200E+00 -.100000E+01
 -.148670E+01 0.429200E+00 -.100000E+01  -.148670E+01 0.000000E+00 -.100000E+01
 -.743300E+00 -.128750E+01 -.100000E+01  -.371700E+00 -.150210E+01 -.100000E+01
 -.111500E+01 -.107290E+01 -.100000E+01  -.743300E+00 -.128750E+01 -.100000E+01
 0.743300E+00 -.128750E+01 -.100000E+01  0.111500E+01 -.107290E+01 -.100000E+01
 0.371700E+00 -.150210E+01 -.100000E+01  0.743300E+00 -.128750E+01 -.100000E+01
 0.148670E+01 0.000000E+00 -.100000E+01  0.148670E+01 0.429200E+00 -.100000E+01
 0.148670E+01 -.429200E+00 -.100000E+01  0.148670E+01 0.000000E+00 -.100000E+01
 0.620700E+00 0.107500E+01 -.100000E+01  0.310300E+00 0.125420E+01 -.100000E+01
 0.931000E+00 0.895800E+00 -.100000E+01  0.620700E+00 0.107500E+01 -.100000E+01
 -.620700E+00 0.107500E+01 -.100000E+01  -.931000E+00 0.895800E+00 -.100000E+01
 -.310300E+00 0.125420E+01 -.100000E+01  -.620700E+00 0.107500E+01 -.100000E+01
 -.124130E+01 0.000000E+00 -.100000E+01  -.124130E+01 -.358300E+00 -.100000E+01
 -.124130E+01 0.358300E+00 -.100000E+01  -.124130E+01 0.000000E+00 -.100000E+01
 -.620700E+00 -.107500E+01 -.100000E+01  -.310300E+00 -.125420E+01 -.100000E+01
 -.931000E+00 -.895800E+00 -.100000E+01  -.620700E+00 -.107500E+01 -.100000E+01
 0.620700E+00 -.107500E+01 -.100000E+01  0.931000E+00 -.895800E+00 -.100000E+01
 0.310300E+00 -.125420E+01 -.100000E+01  0.620700E+00 -.107500E+01 -.100000E+01
 0.124130E+01 0.000000E+00 -.100000E+01  0.124130E+01 0.358300E+00 -.100000E+01
 0.124130E+01 -.358300E+00 -.100000E+01  0.124130E+01 0.000000E+00 -.100000E+01
 0.498000E+00 0.862500E+00 -.100000E+01  0.000000E+00 0.115000E+01 -.100000E+01
 -.498000E+00 0.862500E+00 -.100000E+01  -.995900E+00 0.575000E+00 -.100000E+01
 -.995900E+00 0.000000E+00 -.100000E+01  -.995900E+00 -.575000E+00 -.100000E+01
 -.498000E+00 -.862500E+00 -.100000E+01  0.000000E+00 -.115000E+01 -.100000E+01
 0.498000E+00 -.862500E+00 -.100000E+01  0.995900E+00 -.575000E+00 -.100000E+01
 0.995900E+00 0.000000E+00 -.100000E+01  0.995900E+00 0.575000E+00 -.100000E+01
 0.375300E+00 0.650000E+00 -.100000E+01  0.000000E+00 0.866700E+00 -.100000E+01
 -.375300E+00 0.650000E+00 -.100000E+01  -.750600E+00 0.433300E+00 -.100000E+01
 -.750600E+00 0.000000E+00 -.100000E+01  -.750600E+00 -.433300E+00 -.100000E+01
 -.375300E+00 -.650000E+00 -.100000E+01  0.000000E+00 -.866700E+00 -.100000E+01
 0.375300E+00 -.650000E+00 -.100000E+01  0.750600E+00 -.433300E+00 -.100000E+01
 0.750600E+00 0.000000E+00 -.100000E+01  0.750600E+00 0.433300E+00 -.100000E+01
 0.743300E+00 0.128750E+01 0.100000E+01  0.371700E+00 0.150210E+01 0.100000E+01
 0.111500E+01 0.107290E+01 0.100000E+01  0.743300E+00 0.128750E+01 0.100000E+01
 -.743300E+00 0.128750E+01 0.100000E+01  -.111500E+01 0.107290E+01 0.100000E+01
 -.371700E+00 0.150210E+01 0.100000E+01  -.743300E+00 0.128750E+01 0.100000E+01
 -.148670E+01 0.000000E+00 0.100000E+01  -.148670E+01 -.429200E+00 0.100000E+01
 -.148670E+01 0.429200E+00 0.100000E+01  -.148670E+01 0.000000E+00 0.100000E+01
 -.743300E+00 -.128750E+01 0.100000E+01  -.371700E+00 -.150210E+01 0.100000E+01
 -.111500E+01 -.107290E+01 0.100000E+01  -.743300E+00 -.128750E+01 0.100000E+01
 0.743300E+00 -.128750E+01 0.100000E+01  0.111500E+01 -.107290E+01 0.100000E+01
 0.371700E+00 -.150210E+01 0.100000E+01  0.743300E+00 -.128750E+01 0.100000E+01
 0.148670E+01 0.000000E+00 0.100000E+01  0.148670E+01 0.429200E+00 0.100000E+01
 0.148670E+01 -.429200E+00 0.100000E+01  0.148670E+01 0.000000E+00 0.100000E+01
 0.620700E+00 0.107500E+01 0.100000E+01  0.310300E+00 0.125420E+01 0.100000E+01
 0.931000E+00 0.895800E+00 0.100000E+01  0.620700E+00 0.107500E+01 0.100000E+01
 -.620700E+00 0.107500E+01 0.100000E+01  -.931000E+00 0.895800E+00 0.100000E+01
 -.310300E+00 0.125420E+01 0.100000E+01  -.620700E+00 0.107500E+01 0.100000E+01
 -.124130E+01 0.000000E+00 0.100000E+01  -.124130E+01 -.358300E+00 0.100000E+01
 -.124130E+01 0.358300E+00 0.100000E+01  -.124130E+01 0.000000E+00 0.100000E+01
 -.620700E+00 -.107500E+01 0.100000E+01  -.310300E+00 -.125420E+01 0.100000E+01
 -.931000E+00 -.895800E+00 0.100000E+01  -.620700E+00 -.107500E+01 0.100000E+01
 0.620700E+00 -.107500E+01 0.100000E+01  0.931000E+00 -.895800E+00 0.100000E+01
 0.310300E+00 -.125420E+01 0.100000E+01  0.620700E+00 -.107500E+01 0.100000E+01
 0.124130E+01 0.000000E+00 0.100000E+01  0.124130E+01 0.358300E+00 0.100000E+01
 0.124130E+01 -.358300E+00 0.100000E+01  0.124130E+01 0.000000E+00 0.100000E+01
 0.498000E+00 0.862500E+00 0.100000E+01  0.000000E+00 0.115000E+01 0.100000E+01
 -.498000E+00 0.862500E+00 0.100000E+01  -.995900E+00 0.575000E+00 0.100000E+01
 -.995900E+00 0.000000E+00 0.100000E+01  -.995900E+00 -.575000E+00 0.100000E+01
 -.498000E+00 -.862500E+00 0.100000E+01  0.000000E+00 -.115000E+01 0.100000E+01
 0.498000E+00 -.862500E+00 0.100000E+01  0.995900E+00 -.575000E+00 0.100000E+01
 0.995900E+00 0.000000E+00 0.100000E+01  0.995900E+00 0.575000E+00 0.100000E+01
 0.375300E+00 0.650000E+00 0.100000E+01  0.000000E+00 0.866700E+00 0.100000E+01
 -.375300E+00 0.650000E+00 0.100000E+01  -.750600E+00 0.433300E+00 0.100000E+01
 -.750600E+00 0.000000E+00 0.100000E+01  -.750600E+00 -.433300E+00 0.100000E+01
 -.375300E+00 -.650000E+00 0.100000E+01  0.000000E+00 -.866700E+00 0.100000E+01
 0.375300E+00 -.650000E+00 0.100000E+01  0.750600E+00 -.433300E+00 0.100000E+01
 0.750600E+00 0.000000E+00 0.100000E+01  0.750600E+00 0.433300E+00 0.100000E+01
 0.433000E+00 0.175000E+01 -.100000E+01  0.000000E+00 0.200000E+01 -.100000E+01
 -.129900E+01 0.125000E+01 -.100000E+01  -.173210E+01 0.100000E+01 -.100000E+01
 -.173210E+01 -.500000E+00 -.100000E+01  -.173210E+01 -.100000E+01 -.100000E+01
 -.433000E+00 -.175000E+01 -.100000E+01  0.000000E+00 -.200000E+01 -.100000E+01
 0.129900E+01 -.125000E+01 -.100000E+01  0.173210E+01 -.100000E+01 -.100000E+01
 0.173210E+01 0.500000E+00 -.100000E+01  0.173210E+01 0.100000E+01 -.100000E+01
 0.433000E+00 0.175000E+01 -.750000E+00  0.000000E+00 0.200000E+01 -.750000E+00
 -.129900E+01 0.125000E+01 -.750000E+00  -.173210E+01 0.100000E+01 -.750000E+00
 -.173210E+01 -.500000E+00 -.750000E+00  -.173210E+01 -.100000E+01 -.750000E+00
 -.433000E+00 -.175000E+01 -.750000E+00  0.000000E+00 -.200000E+01 -.750000E+00
 0.129900E+01 -.125000E+01 -.750000E+00  0.173210E+01 -.100000E+01 -.750000E+00
 0.173210E+01 0.500000E+00 -.750000E+00  0.173210E+01 0.100000E+01 -.750000E+00
 0.433000E+00 0.175000E+01 -.500000E+00  0.000000E+00 0.200000E+01 -.500000E+00
 -.129900E+01 0.125000E+01 -.500000E+00  -.173210E+01 0.100000E+01 -.500000E+00
 -.173210E+01 -.500000E+00 -.500000E+00  -.173210E+01 -.100000E+01 -.500000E+00
 -.433000E+00 -.175000E+01 -.500000E+00  0.000000E+00 -.200000E+01 -.500000E+00
 0.129900E+01 -.125000E+01 -.500000E+00  0.173210E+01 -.100000E+01 -.500000E+00
 0.173210E+01 0.500000E+00 -.500000E+00  0.173210E+01 0.100000E+01 -.500000E+00
 0.433000E+00 0.175000E+01 -.250000E+00  0.000000E+00 0.200000E+01 -.250000E+00
 -.129900E+01 0.125000E+01 -.250000E+00  -.173210E+01 0.100000E+01 -.250000E+00
 -.173210E+01 -.500000E+00 -.250000E+00  -.173210E+01 -.100000E+01 -.250000E+00
 -.433000E+00 -.175000E+01 -.250000E+00  0.000000E+00 -.200000E+01 -.250000E+00
 0.129900E+01 -.125000E+01 -.250000E+00  0.173210E+01 -.100000E+01 -.250000E+00
 0.173210E+01 0.500000E+00 -.250000E+00  0.173210E+01 0.100000E+01 -.250000E+00
 0.433000E+00 0.175000E+01 0.000000E+00  0.000000E+00 0.200000E+01 0.000000E+00
 -.129900E+01 0.125000E+01 0.000000E+00  -.173210E+01 0.100000E+01 0.000000E+00
 -.173210E+01 -.500000E+00 0.000000E+00  -.173210E+01 -.100000E+01 0.000000E+00
 -.433000E+00 -.175000E+01 0.000000E+00  0.000000E+00 -.200000E+01 0.000000E+00
 0.129900E+01 -.125000E+01 0.000000E+00  0.173210E+01 -.100000E+01 0.000000E+00
 0.173210E+01 0.500000E+00 0.000000E+00  0.173210E+01 0.100000E+01 0.000000E+00
 0.433000E+00 0.175000E+01 0.250000E+00  0.000000E+00 0.200000E+01 0.250000E+00
 -.129900E+01 0.125000E+01 0.250000E+00  -.173210E+01 0.100000E+01 0.250000E+00
 -.173210E+01 -.500000E+00 0.250000E+00  -.173210E+01 -.100000E+01 0.250000E+00
 -.433000E+00 -.175000E+01 0.250000E+00  0.000000E+00 -.200000E+01 0.250000E+00
 0.129900E+01 -.125000E+01 0.250000E+00  0.173210E+01 -.100000E+01 0.250000E+00
 0.173210E+01 0.500000E+00 0.250000E+00  0.173210E+01 0.100000E+01 0.250000E+00
 0.433000E+00 0.175000E+01 0.500000E+00  0.000000E+00 0.200000E+01 0.500000E+00
 -.129900E+01 0.125000E+01 0.500000E+00  -.173210E+01 0.100000E+01 0.500000E+00
 -.173210E+01 -.500000E+00 0.500000E+00  -.173210E+01 -.100000E+01 0.500000E+00
 -.433000E+00 -.175000E+01 0.500000E+00  0.000000E+00 -.200000E+01 0.500000E+00
 0.129900E+01 -.125000E+01 0.500000E+00  0.173210E+01 -.100000E+01 0.500000E+00
 0.173210E+01 0.500000E+00 0.500000E+00  0.173210E+01 0.100000E+01 0.500000E+00
 0.433000E+00 0.175000E+01 0.750000E+00  0.000000E+00 0.200000E+01 0.750000E+00
 -.129900E+01 0.125000E+01 0.750000E+00  -.173210E+01 0.100000E+01 0.750000E+00
 -.173210E+01 -.500000E+00 0.750000E+00  -.173210E+01 -.100000E+01 0.750000E+00
 -.433000E+00 -.175000E+01 0.750000E+00  0.000000E+00 -.200000E+01 0.750000E+00
 0.129900E+01 -.125000E+01 0.750000E+00  0.173210E+01 -.100000E+01 0.750000E+00
 0.173210E+01 0.500000E+00 0.750000E+00  0.173210E+01 0.100000E+01 0.750000E+00
 0.433000E+00 0.175000E+01 0.100000E+01  0.000000E+00 0.200000E+01 0.100000E+01
 -.129900E+01 0.125000E+01 0.100000E+01  -.173210E+01 0.100000E+01 0.100000E+01
 -.173210E+01 -.500000E+00 0.100000E+01  -.173210E+01 -.100000E+01 0.100000E+01
 -.433000E+00 -.175000E+01 0.100000E+01  0.000000E+00 -.200000E+01 0.100000E+01
 0.129900E+01 -.125000E+01 0.100000E+01  0.173210E+01 -.100000E+01 0.100000E+01
 0.173210E+01 0.500000E+00 0.100000E+01  0.173210E+01 0.100000E+01 0.100000E+01
 0.371700E+00 0.150210E+01 -.100000E+01  0.000000E+00 0.171670E+01 -.100000E+01
 -.111500E+01 0.107290E+01 -.100000E+01  -.148670E+01 0.858300E+00 -.100000E+01
 -.148670E+01 -.429200E+00 -.100000E+01  -.148670E+01 -.858300E+00 -.100000E+01
 -.371700E+00 -.150210E+01 -.100000E+01  0.000000E+00 -.171670E+01 -.100000E+01
 0.111500E+01 -.107290E+01 -.100000E+01  0.148670E+01 -.858300E+00 -.100000E+01
 0.148670E+01 0.429200E+00 -.100000E+01  0.148670E+01 0.858300E+00 -.100000E+01
 0.310300E+00 0.125420E+01 -.100000E+01  0.000000E+00 0.143330E+01 -.100000E+01
 -.931000E+00 0.895800E+00 -.100000E+01  -.124130E+01 0.716700E+00 -.100000E+01
 -.124130E+01 -.358300E+00 -.100000E+01  -.124130E+01 -.716700E+00 -.100000E+01
 -.310300E+00 -.125420E+01 -.100000E+01  0.000000E+00 -.143330E+01 -.100000E+01
 0.931000E+00 -.895800E+00 -.100000E+01  0.124130E+01 -.716700E+00 -.100000E+01
 0.124130E+01 0.358300E+00 -.100000E+01  0.124130E+01 0.716700E+00 -.100000E+01
 0.371700E+00 0.150210E+01 0.100000E+01  0.000000E+00 0.171670E+01 0.100000E+01
 -.111500E+01 0.107290E+01 0.100000E+01  -.148670E+01 0.858300E+00 0.100000E+01
 -.148670E+01 -.429200E+00 0.100000E+01  -.148670E+01 -.858300E+00 0.100000E+01
 -.371700E+00 -.150210E+01 0.100000E+01  0.000000E+00 -.171670E+01 0.100000E+01
 0.111500E+01 -.107290E+01 0.100000E+01  0.148670E+01 -.858300E+00 0.100000E+01
 0.148670E+01 0.429200E+00 0.100000E+01  0.148670E+01 0.858300E+00 0.100000E+01
 0.310300E+00 0.125420E+01 0.100000E+01  0.000000E+00 0.143330E+01 0.100000E+01
 -.931000E+00 0.895800E+00 0.100000E+01  -.124130E+01 0.716700E+00 0.100000E+01
 -.124130E+01 -.358300E+00 0.100000E+01  -.124130E+01 -.716700E+00 0.100000E+01
 -.310300E+00 -.125420E+01 0.100000E+01  0.000000E+00 -.143330E+01 0.100000E+01
 0.931000E+00 -.895800E+00 0.100000E+01  0.124130E+01 -.716700E+00 0.100000E+01
 0.124130E+01 0.358300E+00 0.100000E+01  0.124130E+01 0.716700E+00 0.100000E+01
 0.173210E+01 0.100000E+01 -.750000E+00  0.148670E+01 0.858300E+00 -.100000E+01
 0.000000E+00 0.200000E+01 -.750000E+00  0.000000E+00 0.171670E+01 -.100000E+01
 -.173210E+01 0.100000E+01 -.750000E+00  -.148670E+01 0.858300E+00 -.100000E+01
 -.173210E+01 -.100000E+01 -.750000E+00  -.148670E+01 -.858300E+00 -.100000E+01
 0.000000E+00 -.200000E+01 -.750000E+00  0.000000E+00 -.171670E+01 -.100000E+01
 0.173210E+01 -.100000E+01 -.750000E+00  0.148670E+01 -.858300E+00 -.100000E+01
 0.173210E+01 0.100000E+01 0.750000E+00  0.148670E+01 0.858300E+00 0.100000E+01
 0.000000E+00 0.200000E+01 0.750000E+00  0.000000E+00 0.171670E+01 0.100000E+01
 -.173210E+01 0.100000E+01 0.750000E+00  -.148670E+01 0.858300E+00 0.100000E+01
 -.173210E+01 -.100000E+01 0.750000E+00  -.148670E+01 -.858300E+00 0.100000E+01
 0.000000E+00 -.200000E+01 0.750000E+00  0.000000E+00 -.171670E+01 0.100000E+01
 0.173210E+01 -.100000E+01 0.750000E+00  0.148670E+01 -.858300E+00 0.100000E+01
 0.866000E+00 0.150000E+01 -.100000E+01  0.866000E+00 0.150000E+01 -.750000E+00
 0.866000E+00 0.150000E+01 -.100000E+01  0.743300E+00 0.128750E+01 -.100000E+01
 0.129900E+01 0.125000E+01 -.100000E+01  0.129900E+01 0.125000E+01 -.750000E+00
 0.129900E+01 0.125000E+01 -.100000E+01  0.111500E+01 0.107290E+01 -.100000E+01
 -.866000E+00 0.150000E+01 -.100000E+01  -.866000E+00 0.150000E+01 -.750000E+00
 -.866000E+00 0.150000E+01 -.100000E+01  -.743300E+00 0.128750E+01 -.100000E+01
 -.433000E+00 0.175000E+01 -.100000E+01  -.433000E+00 0.175000E+01 -.750000E+00
 -.433000E+00 0.175000E+01 -.100000E+01  -.371700E+00 0.150210E+01 -.100000E+01
 -.173210E+01 0.000000E+00 -.100000E+01  -.173210E+01 0.000000E+00 -.750000E+00
 -.173210E+01 0.000000E+00 -.100000E+01  -.148670E+01 0.000000E+00 -.100000E+01
 -.173210E+01 0.500000E+00 -.100000E+01  -.173210E+01 0.500000E+00 -.750000E+00
 -.173210E+01 0.500000E+00 -.100000E+01  -.148670E+01 0.429200E+00 -.100000E+01
 -.866000E+00 -.150000E+01 -.100000E+01  -.866000E+00 -.150000E+01 -.750000E+00
 -.866000E+00 -.150000E+01 -.100000E+01  -.743300E+00 -.128750E+01 -.100000E+01
 -.129900E+01 -.125000E+01 -.100000E+01  -.129900E+01 -.125000E+01 -.750000E+00
 -.129900E+01 -.125000E+01 -.100000E+01  -.111500E+01 -.107290E+01 -.100000E+01
 0.866000E+00 -.150000E+01 -.100000E+01  0.866000E+00 -.150000E+01 -.750000E+00
 0.866000E+00 -.150000E+01 -.100000E+01  0.743300E+00 -.128750E+01 -.100000E+01
 0.433000E+00 -.175000E+01 -.100000E+01  0.433000E+00 -.175000E+01 -.750000E+00
 0.433000E+00 -.175000E+01 -.100000E+01  0.371700E+00 -.150210E+01 -.100000E+01
 0.173210E+01 0.000000E+00 -.100000E+01  0.173210E+01 0.000000E+00 -.750000E+00
 0.173210E+01 0.000000E+00 -.100000E+01  0.148670E+01 0.000000E+00 -.100000E+01
 0.173210E+01 -.500000E+00 -.100000E+01  0.173210E+01 -.500000E+00 -.750000E+00
 0.173210E+01 -.500000E+00 -.100000E+01  0.148670E+01 -.429200E+00 -.100000E+01
 0.866000E+00 0.150000E+01 -.750000E+00  0.866000E+00 0.150000E+01 -.500000E+00
 0.866000E+00 0.150000E+01 -.750000E+00  0.743300E+00 0.128750E+01 -.100000E+01
 0.129900E+01 0.125000E+01 -.750000E+00  0.129900E+01 0.125000E+01 -.500000E+00
 0.129900E+01 0.125000E+01 -.750000E+00  0.111500E+01 0.107290E+01 -.100000E+01
 -.866000E+00 0.150000E+01 -.750000E+00  -.866000E+00 0.150000E+01 -.500000E+00
 -.866000E+00 0.150000E+01 -.750000E+00  -.743300E+00 0.128750E+01 -.100000E+01
 -.433000E+00 0.175000E+01 -.750000E+00  -.433000E+00 0.175000E+01 -.500000E+00
 -.433000E+00 0.175000E+01 -.750000E+00  -.371700E+00 0.150210E+01 -.100000E+01
 -.173210E+01 0.000000E+00 -.750000E+00  -.173210E+01 0.000000E+00 -.500000E+00
 -.173210E+01 0.000000E+00 -.750000E+00  -.148670E+01 0.000000E+00 -.100000E+01
 -.173210E+01 0.500000E+00 -.750000E+00  -.173210E+01 0.500000E+00 -.500000E+00
 -.173210E+01 0.500000E+00 -.750000E+00  -.148670E+01 0.429200E+00 -.100000E+01
 -.866000E+00 -.150000E+01 -.750000E+00  -.866000E+00 -.150000E+01 -.500000E+00
 -.866000E+00 -.150000E+01 -.750000E+00  -.743300E+00 -.128750E+01 -.100000E+01
 -.129900E+01 -.125000E+01 -.750000E+00  -.129900E+01 -.125000E+01 -.500000E+00
 -.129900E+01 -.125000E+01 -.750000E+00  -.111500E+01 -.107290E+01 -.100000E+01
 0.866000E+00 -.150000E+01 -.750000E+00  0.866000E+00 -.150000E+01 -.500000E+00
 0.866000E+00 -.150000E+01 -.750000E+00  0.743300E+00 -.128750E+01 -.100000E+01
 0.433000E+00 -.175000E+01 -.750000E+00  0.433000E+00 -.175000E+01 -.500000E+00
 0.433000E+00 -.175000E+01 -.750000E+00  0.371700E+00 -.150210E+01 -.100000E+01
 0.173210E+01 0.000000E+00 -.750000E+00  0.173210E+01 0.000000E+00 -.500000E+00
 0.173210E+01 0.000000E+00 -.750000E+00  0.148670E+01 0.000000E+00 -.100000E+01
 0.173210E+01 -.500000E+00 -.750000E+00  0.173210E+01 -.500000E+00 -.500000E+00
 0.173210E+01 -.500000E+00 -.750000E+00  0.148670E+01 -.429200E+00 -.100000E+01
 0.866000E+00 0.150000E+01 -.500000E+00  0.866000E+00 0.150000E+01 -.250000E+00
 0.129900E+01 0.125000E+01 -.500000E+00  0.129900E+01 0.125000E+01 -.250000E+00
 -.866000E+00 0.150000E+01 -.500000E+00  -.866000E+00 0.150000E+01 -.250000E+00
 -.433000E+00 0.175000E+01 -.500000E+00  -.433000E+00 0.175000E+01 -.250000E+00
 -.173210E+01 0.000000E+00 -.500000E+00  -.173210E+01 0.000000E+00 -.250000E+00
 -.173210E+01 0.500000E+00 -.500000E+00  -.173210E+01 0.500000E+00 -.250000E+00
 -.866000E+00 -.150000E+01 -.500000E+00  -.866000E+00 -.150000E+01 -.250000E+00
 -.129900E+01 -.125000E+01 -.500000E+00  -.129900E+01 -.125000E+01 -.250000E+00
 0.866000E+00 -.150000E+01 -.500000E+00  0.866000E+00 -.150000E+01 -.250000E+00
 0.433000E+00 -.175000E+01 -.500000E+00  0.433000E+00 -.175000E+01 -.250000E+00
 0.173210E+01 0.000000E+00 -.500000E+00  0.173210E+01 0.000000E+00 -.250000E+00
 0.173210E+01 -.500000E+00 -.500000E+00  0.173210E+01 -.500000E+00 -.250000E+00
 0.866000E+00 0.150000E+01 -.250000E+00  0.866000E+00 0.150000E+01 0.000000E+00
 0.129900E+01 0.125000E+01 -.250000E+00  0.129900E+01 0.125000E+01 0.000000E+00
 -.866000E+00 0.150000E+01 -.250000E+00  -.866000E+00 0.150000E+01 0.000000E+00
 -.433000E+00 0.175000E+01 -.250000E+00  -.433000E+00 0.175000E+01 0.000000E+00
 -.173210E+01 0.000000E+00 -.250000E+00  -.173210E+01 0.000000E+00 0.000000E+00
 -.173210E+01 0.500000E+00 -.250000E+00  -.173210E+01 0.500000E+00 0.000000E+00
 -.866000E+00 -.150000E+01 -.250000E+00  -.866000E+00 -.150000E+01 0.000000E+00
 -.129900E+01 -.125000E+01 -.250000E+00  -.129900E+01 -.125000E+01 0.000000E+00
 0.866000E+00 -.150000E+01 -.250000E+00  0.866000E+00 -.150000E+01 0.000000E+00
 0.433000E+00 -.175000E+01 -.250000E+00  0.433000E+00 -.175000E+01 0.000000E+00
 0.173210E+01 0.000000E+00 -.250000E+00  0.173210E+01 0.000000E+00 0.000000E+00
 0.173210E+01 -.500000E+00 -.250000E+00  0.173210E+01 -.500000E+00 0.000000E+00
 0.866000E+00 0.150000E+01 0.000000E+00  0.866000E+00 0.150000E+01 0.250000E+00
 0.129900E+01 0.125000E+01 0.000000E+00  0.129900E+01 0.125000E+01 0.250000E+00
 -.866000E+00 0.150000E+01 0.000000E+00  -.866000E+00 0.150000E+01 0.250000E+00
 -.433000E+00 0.175000E+01 0.000000E+00  -.433000E+00 0.175000E+01 0.250000E+00
 -.173210E+01 0.000000E+00 0.000000E+00  -.173210E+01 0.000000E+00 0.250000E+00
 -.173210E+01 0.500000E+00 0.000000E+00  -.173210E+01 0.500000E+00 0.250000E+00
 -.866000E+00 -.150000E+01 0.000000E+00  -.866000E+00 -.150000E+01 0.250000E+00
 -.129900E+01 -.125000E+01 0.000000E+00  -.129900E+01 -.125000E+01 0.250000E+00
 0.866000E+00 -.150000E+01 0.000000E+00  0.866000E+00 -.150000E+01 0.250000E+00
 0.433000E+00 -.175000E+01 0.000000E+00  0.433000E+00 -.175000E+01 0.250000E+00
 0.173210E+01 0.000000E+00 0.000000E+00  0.173210E+01 0.000000E+00 0.250000E+00
 0.173210E+01 -.500000E+00 0.000000E+00  0.173210E+01 -.500000E+00 0.250000E+00
 0.866000E+00 0.150000E+01 0.250000E+00  0.866000E+00 0.150000E+01 0.500000E+00
 0.129900E+01 0.125000E+01 0.250000E+00  0.129900E+01 0.125000E+01 0.500000E+00
 -.866000E+00 0.150000E+01 0.250000E+00  -.866000E+00 0.150000E+01 0.500000E+00
 -.433000E+00 0.175000E+01 0.250000E+00  -.433000E+00 0.175000E+01 0.500000E+00
 -.173210E+01 0.000000E+00 0.250000E+00  -.173210E+01 0.000000E+00 0.500000E+00
 -.173210E+01 0.500000E+00 0.250000E+00  -.173210E+01 0.500000E+00 0.500000E+00
 -.866000E+00 -.150000E+01 0.250000E+00  -.866000E+00 -.150000E+01 0.500000E+00
 -.129900E+01 -.125000E+01 0.250000E+00  -.129900E+01 -.125000E+01 0.500000E+00
 0.866000E+00 -.150000E+01 0.250000E+00  0.866000E+00 -.150000E+01 0.500000E+00
 0.433000E+00 -.175000E+01 0.250000E+00  0.433000E+00 -.175000E+01 0.500000E+00
 0.173210E+01 0.000000E+00 0.250000E+00  0.173210E+01 0.000000E+00 0.500000E+00
 0.173210E+01 -.500000E+00 0.250000E+00  0.173210E+01 -.500000E+00 0.500000E+00
 0.866000E+00 0.150000E+01 0.500000E+00  0.866000E+00 0.150000E+01 0.750000E+00
 0.129900E+01 0.125000E+01 0.500000E+00  0.129900E+01 0.125000E+01 0.750000E+00
 -.866000E+00 0.150000E+01 0.500000E+00  -.866000E+00 0.150000E+01 0.750000E+00
 -.433000E+00 0.175000E+01 0.500000E+00  -.433000E+00 0.175000E+01 0.750000E+00
 -.173210E+01 0.000000E+00 0.500000E+00  -.173210E+01 0.000000E+00 0.750000E+00
 -.173210E+01 0.500000E+00 0.500000E+00  -.173210E+01 0.500000E+00 0.750000E+00
 -.866000E+00 -.150000E+01 0.500000E+00  -.866000E+00 -.150000E+01 0.750000E+00
 -.129900E+01 -.125000E+01 0.500000E+00  -.129900E+01 -.125000E+01 0.750000E+00
 0.866000E+00 -.150000E+01 0.500000E+00  0.866000E+00 -.150000E+01 0.750000E+00
 0.433000E+00 -.175000E+01 0.500000E+00  0.433000E+00 -.175000E+01 0.750000E+00
 0.173210E+01 0.000000E+00 0.500000E+00  0.173210E+01 0.000000E+00 0.750000E+00
 0.173210E+01 -.500000E+00 0.500000E+00  0.173210E+01 -.500000E+00 0.750000E+00
 0.866000E+00 0.150000E+01 0.750000E+00  0.866000E+00 0.150000E+01 0.100000E+01
 0.866000E+00 0.150000E+01 0.750000E+00  0.743300E+00 0.128750E+01 0.100000E+01
 0.129900E+01 0.125000E+01 0.750000E+00  0.129900E+01 0.125000E+01 0.100000E+01
 0.129900E+01 0.125000E+01 0.750000E+00  0.111500E+01 0.107290E+01 0.100000E+01
 -.866000E+00 0.150000E+01 0.750000E+00  -.866000E+00 0.150000E+01 0.100000E+01
 -.866000E+00 0.150000E+01 0.750000E+00  -.743300E+00 0.128750E+01 0.100000E+01
 -.433000E+00 0.175000E+01 0.750000E+00  -.433000E+00 0.175000E+01 0.100000E+01
 -.433000E+00 0.175000E+01 0.750000E+00  -.371700E+00 0.150210E+01 0.100000E+01
 -.173210E+01 0.000000E+00 0.750000E+00  -.173210E+01 0.000000E+00 0.100000E+01
 -.173210E+01 0.000000E+00 0.750000E+00  -.148670E+01 0.000000E+00 0.100000E+01
 -.173210E+01 0.500000E+00 0.750000E+00  -.173210E+01 0.500000E+00 0.100000E+01
 -.173210E+01 0.500000E+00 0.750000E+00  -.148670E+01 0.429200E+00 0.100000E+01
 -.866000E+00 -.150000E+01 0.750000E+00  -.866000E+00 -.150000E+01 0.100000E+01
 -.866000E+00 -.150000E+01 0.750000E+00  -.743300E+00 -.128750E+01 0.100000E+01
 -.129900E+01 -.125000E+01 0.750000E+00  -.129900E+01 -.125000E+01 0.100000E+01
 -.129900E+01 -.125000E+01 0.750000E+00  -.111500E+01 -.107290E+01 0.100000E+01
 0.866000E+00 -.150000E+01 0.750000E+00  0.866000E+00 -.150000E+01 0.100000E+01
 0.866000E+00 -.150000E+01 0.750000E+00  0.743300E+00 -.128750E+01 0.100000E+01
 0.433000E+00 -.175000E+01 0.750000E+00  0.433000E+00 -.175000E+01 0.100000E+01
 0.433000E+00 -.175000E+01 0.750000E+00  0.371700E+00 -.150210E+01 0.100000E+01
 0.173210E+01 0.000000E+00 0.750000E+00  0.173210E+01 0.000000E+00 0.100000E+01
 0.173210E+01 0.000000E+00 0.750000E+00  0.148670E+01 0.000000E+00 0.100000E+01
 0.173210E+01 -.500000E+00 0.750000E+00  0.173210E+01 -.500000E+00 0.100000E+01
 0.173210E+01 -.500000E+00 0.750000E+00  0.148670E+01 -.429200E+00 0.100000E+01
 0.866000E+00 0.150000E+01 0.100000E+01  0.743300E+00 0.128750E+01 0.100000E+01
 0.129900E+01 0.125000E+01 0.100000E+01  0.111500E+01 0.107290E+01 0.100000E+01
 -.866000E+00 0.150000E+01 0.100000E+01  -.743300E+00 0.128750E+01 0.100000E+01
 -.433000E+00 0.175000E+01 0.100000E+01  -.371700E+00 0.150210E+01 0.100000E+01
 -.173210E+01 0.000000E+00 0.100000E+01  -.148670E+01 0.000000E+00 0.100000E+01
 -.173210E+01 0.500000E+00 0.100000E+01  -.148670E+01 0.429200E+00 0.100000E+01
 -.866000E+00 -.150000E+01 0.100000E+01  -.743300E+00 -.128750E+01 0.100000E+01
 -.129900E+01 -.125000E+01 0.100000E+01  -.111500E+01 -.107290E+01 0.100000E+01
 0.866000E+00 -.150000E+01 0.100000E+01  0.743300E+00 -.128750E+01 0.100000E+01
 0.433000E+00 -.175000E+01 0.100000E+01  0.371700E+00 -.150210E+01 0.100000E+01
 0.173210E+01 0.000000E+00 0.100000E+01  0.148670E+01 0.000000E+00 0.100000E+01
 0.173210E+01 -.500000E+00 0.100000E+01  0.148670E+01 -.429200E+00 0.100000E+01
 0.743300E+00 0.128750E+01 -.100000E+01  0.620700E+00 0.107500E+01 -.100000E+01
 0.111500E+01 0.107290E+01 -.100000E+01  0.931000E+00 0.895800E+00 -.100000E+01
 -.743300E+00 0.128750E+01 -.100000E+01  -.620700E+00 0.107500E+01 -.100000E+01
 -.371700E+00 0.150210E+01 -.100000E+01  -.310300E+00 0.125420E+01 -.100000E+01
 -.148670E+01 0.000000E+00 -.100000E+01  -.124130E+01 0.000000E+00 -.100000E+01
 -.148670E+01 0.429200E+00 -.100000E+01  -.124130E+01 0.358300E+00 -.100000E+01
 -.743300E+00 -.128750E+01 -.100000E+01  -.620700E+00 -.107500E+01 -.100000E+01
 -.111500E+01 -.107290E+01 -.100000E+01  -.931000E+00 -.895800E+00 -.100000E+01
 0.743300E+00 -.128750E+01 -.100000E+01  0.620700E+00 -.107500E+01 -.100000E+01
 0.371700E+00 -.150210E+01 -.100000E+01  0.310300E+00 -.125420E+01 -.100000E+01
 0.148670E+01 0.000000E+00 -.100000E+01  0.124130E+01 0.000000E+00 -.100000E+01
 0.148670E+01 -.429200E+00 -.100000E+01  0.124130E+01 -.358300E+00 -.100000E+01
 0.620700E+00 0.107500E+01 -.100000E+01  0.498000E+00 0.862500E+00 -.100000E+01
 -.620700E+00 0.107500E+01 -.100000E+01  -.498000E+00 0.862500E+00 -.100000E+01
 -.124130E+01 0.000000E+00 -.100000E+01  -.995900E+00 0.000000E+00 -.100000E+01
 -.620700E+00 -.107500E+01 -.100000E+01  -.498000E+00 -.862500E+00 -.100000E+01
 0.620700E+00 -.107500E+01 -.100000E+01  0.498000E+00 -.862500E+00 -.100000E+01
 0.124130E+01 0.000000E+00 -.100000E+01  0.995900E+00 0.000000E+00 -.100000E+01
 0.498000E+00 0.862500E+00 -.100000E+01  0.375300E+00 0.650000E+00 -.100000E+01
 -.498000E+00 0.862500E+00 -.100000E+01  -.375300E+00 0.650000E+00 -.100000E+01
 -.995900E+00 0.000000E+00 -.100000E+01  -.750600E+00 0.000000E+00 -.100000E+01
 -.498000E+00 -.862500E+00 -.100000E+01  -.375300E+00 -.650000E+00 -.100000E+01
 0.498000E+00 -.862500E+00 -.100000E+01  0.375300E+00 -.650000E+00 -.100000E+01
 0.995900E+00 0.000000E+00 -.100000E+01  0.750600E+00 0.000000E+00 -.100000E+01
 0.743300E+00 0.128750E+01 0.100000E+01  0.620700E+00 0.107500E+01 0.100000E+01
 0.111500E+01 0.107290E+01 0.100000E+01  0.931000E+00 0.895800E+00 0.100000E+01
 -.743300E+00 0.128750E+01 0.100000E+01  -.620700E+00 0.107500E+01 0.100000E+01
 -.371700E+00 0.150210E+01 0.100000E+01  -.310300E+00 0.125420E+01 0.100000E+01
 -.148670E+01 0.000000E+00 0.100000E+01  -.124130E+01 0.000000E+00 0.100000E+01
 -.148670E+01 0.429200E+00 0.100000E+01  -.124130E+01 0.358300E+00 0.100000E+01
 -.743300E+00 -.128750E+01 0.100000E+01  -.620700E+00 -.107500E+01 0.100000E+01
 -.111500E+01 -.107290E+01 0.100000E+01  -.931000E+00 -.895800E+00 0.100000E+01
 0.743300E+00 -.128750E+01 0.100000E+01  0.620700E+00 -.107500E+01 0.100000E+01
 0.371700E+00 -.150210E+01 0.100000E+01  0.310300E+00 -.125420E+01 0.100000E+01
 0.148670E+01 0.000000E+00 0.100000E+01  0.124130E+01 0.000000E+00 0.100000E+01
 0.148670E+01 -.429200E+00 0.100000E+01  0.124130E+01 -.358300E+00 0.100000E+01
 0.620700E+00 0.107500E+01 0.100000E+01  0.498000E+00 0.862500E+00 0.100000E+01
 -.620700E+00 0.107500E+01 0.100000E+01  -.498000E+00 0.862500E+00 0.100000E+01
 -.124130E+01 0.000000E+00 0.100000E+01  -.995900E+00 0.000000E+00 0.100000E+01
 -.620700E+00 -.107500E+01 0.100000E+01  -.498000E+00 -.862500E+00 0.100000E+01
 0.620700E+00 -.107500E+01 0.100000E+01  0.498000E+00 -.862500E+00 0.100000E+01
 0.124130E+01 0.000000E+00 0.100000E+01  0.995900E+00 0.000000E+00 0.100000E+01
 0.498000E+00 0.862500E+00 0.100000E+01  0.375300E+00 0.650000E+00 0.100000E+01
 -.498000E+00 0.862500E+00 0.100000E+01  -.375300E+00 0.650000E+00 0.100000E+01
 -.995900E+00 0.000000E+00 0.100000E+01  -.750600E+00 0.000000E+00 0.100000E+01
 -.498000E+00 -.862500E+00 0.100000E+01  -.375300E+00 -.650000E+00 0.100000E+01
 0.498000E+00 -.862500E+00 0.100000E+01  0.375300E+00 -.650000E+00 0.100000E+01
 0.995900E+00 0.000000E+00 0.100000E+01  0.750600E+00 0.000000E+00 0.100000E+01
 0.433000E+00 0.175000E+01 -.100000E+01  0.433000E+00 0.175000E+01 -.750000E+00
 0.433000E+00 0.175000E+01 -.100000E+01  0.371700E+00 0.150210E+01 -.100000E+01
 -.129900E+01 0.125000E+01 -.100000E+01  -.129900E+01 0.125000E+01 -.750000E+00
 -.129900E+01 0.125000E+01 -.100000E+01  -.111500E+01 0.107290E+01 -.100000E+01
 -.173210E+01 -.500000E+00 -.100000E+01  -.173210E+01 -.500000E+00 -.750000E+00
 -.173210E+01 -.500000E+00 -.100000E+01  -.148670E+01 -.429200E+00 -.100000E+01
 -.433000E+00 -.175000E+01 -.100000E+01  -.433000E+00 -.175000E+01 -.750000E+00
 -.433000E+00 -.175000E+01 -.100000E+01  -.371700E+00 -.150210E+01 -.100000E+01
 0.129900E+01 -.125000E+01 -.100000E+01  0.129900E+01 -.125000E+01 -.750000E+00
 0.129900E+01 -.125000E+01 -.100000E+01  0.111500E+01 -.107290E+01 -.100000E+01
 0.173210E+01 0.500000E+00 -.100000E+01  0.173210E+01 0.500000E+00 -.750000E+00
 0.173210E+01 0.500000E+00 -.100000E+01  0.148670E+01 0.429200E+00 -.100000E+01
 0.433000E+00 0.175000E+01 -.750000E+00  0.433000E+00 0.175000E+01 -.500000E+00
 0.433000E+00 0.175000E+01 -.750000E+00  0.371700E+00 0.150210E+01 -.100000E+01
 -.129900E+01 0.125000E+01 -.750000E+00  -.129900E+01 0.125000E+01 -.500000E+00
 -.129900E+01 0.125000E+01 -.750000E+00  -.111500E+01 0.107290E+01 -.100000E+01
 -.173210E+01 -.500000E+00 -.750000E+00  -.173210E+01 -.500000E+00 -.500000E+00
 -.173210E+01 -.500000E+00 -.750000E+00  -.148670E+01 -.429200E+00 -.100000E+01
 -.433000E+00 -.175000E+01 -.750000E+00  -.433000E+00 -.175000E+01 -.500000E+00
 -.433000E+00 -.175000E+01 -.750000E+00  -.371700E+00 -.150210E+01 -.100000E+01
 0.129900E+01 -.125000E+01 -.750000E+00  0.129900E+01 -.125000E+01 -.500000E+00
 0.129900E+01 -.125000E+01 -.750000E+00  0.111500E+01 -.107290E+01 -.100000E+01
 0.173210E+01 0.500000E+00 -.750000E+00  0.173210E+01 0.500000E+00 -.500000E+00
 0.173210E+01 0.500000E+00 -.750000E+00  0.148670E+01 0.429200E+00 -.100000E+01
 0.433000E+00 0.175000E+01 -.500000E+00  0.433000E+00 0.175000E+01 -.250000E+00
 -.129900E+01 0.125000E+01 -.500000E+00  -.129900E+01 0.125000E+01 -.250000E+00
 -.173210E+01 -.500000E+00 -.500000E+00  -.173210E+01 -.500000E+00 -.250000E+00
 -.433000E+00 -.175000E+01 -.500000E+00  -.433000E+00 -.175000E+01 -.250000E+00
 0.129900E+01 -.125000E+01 -.500000E+00  0.129900E+01 -.125000E+01 -.250000E+00
 0.173210E+01 0.500000E+00 -.500000E+00  0.173210E+01 0.500000E+00 -.250000E+00
 0.433000E+00 0.175000E+01 -.250000E+00  0.433000E+00 0.175000E+01 0.000000E+00
 -.129900E+01 0.125000E+01 -.250000E+00  -.129900E+01 0.125000E+01 0.000000E+00
 -.173210E+01 -.500000E+00 -.250000E+00  -.173210E+01 -.500000E+00 0.000000E+00
 -.433000E+00 -.175000E+01 -.250000E+00  -.433000E+00 -.175000E+01 0.000000E+00
 0.129900E+01 -.125000E+01 -.250000E+00  0.129900E+01 -.125000E+01 0.000000E+00
 0.173210E+01 0.500000E+00 -.250000E+00  0.173210E+01 0.500000E+00 0.000000E+00
 0.433000E+00 0.175000E+01 0.000000E+00  0.433000E+00 0.175000E+01 0.250000E+00
 -.129900E+01 0.125000E+01 0.000000E+00  -.129900E+01 0.125000E+01 0.250000E+00
 -.173210E+01 -.500000E+00 0.000000E+00  -.173210E+01 -.500000E+00 0.250000E+00
 -.433000E+00 -.175000E+01 0.000000E+00  -.433000E+00 -.175000E+01 0.250000E+00
 0.129900E+01 -.125000E+01 0.000000E+00  0.129900E+01 -.125000E+01 0.250000E+00
 0.173210E+01 0.500000E+00 0.000000E+00  0.173210E+01 0.500000E+00 0.250000E+00
 0.433000E+00 0.175000E+01 0.250000E+00  0.433000E+00 0.175000E+01 0.500000E+00
 -.129900E+01 0.125000E+01 0.250000E+00  -.129900E+01 0.125000E+01 0.500000E+00
 -.173210E+01 -.500000E+00 0.250000E+00  -.173210E+01 -.500000E+00 0.500000E+00
 -.433000E+00 -.175000E+01 0.250000E+00  -.433000E+00 -.175000E+01 0.500000E+00
 0.129900E+01 -.125000E+01 0.250000E+00  0.129900E+01 -.125000E+01 0.500000E+00
 0.173210E+01 0.500000E+00 0.250000E+00  0.173210E+01 0.500000E+00 0.500000E+00
 0.433000E+00 0.175000E+01 0.500000E+00  0.433000E+00 0.175000E+01 0.750000E+00
 -.129900E+01 0.125000E+01 0.500000E+00  -.129900E+01 0.125000E+01 0.750000E+00
 -.173210E+01 -.500000E+00 0.500000E+00  -.173210E+01 -.500000E+00 0.750000E+00
 -.433000E+00 -.175000E+01 0.500000E+00  -.433000E+00 -.175000E+01 0.750000E+00
 0.129900E+01 -.125000E+01 0.500000E+00  0.129900E+01 -.125000E+01 0.750000E+00
 0.173210E+01 0.500000E+00 0.500000E+00  0.173210E+01 0.500000E+00 0.750000E+00
 0.433000E+00 0.175000E+01 0.750000E+00  0.433000E+00 0.175000E+01 0.100000E+01
 0.433000E+00 0.175000E+01 0.750000E+00  0.371700E+00 0.150210E+01 0.100000E+01
 -.129900E+01 0.125000E+01 0.750000E+00  -.129900E+01 0.125000E+01 0.100000E+01
 -.129900E+01 0.125000E+01 0.750000E+00  -.111500E+01 0.107290E+01 0.100000E+01
 -.173210E+01 -.500000E+00 0.750000E+00  -.173210E+01 -.500000E+00 0.100000E+01
 -.173210E+01 -.500000E+00 0.750000E+00  -.148670E+01 -.429200E+00 0.100000E+01
 -.433000E+00 -.175000E+01 0.750000E+00  -.433000E+00 -.175000E+01 0.100000E+01
 -.433000E+00 -.175000E+01 0.750000E+00  -.371700E+00 -.150210E+01 0.100000E+01
 0.129900E+01 -.125000E+01 0.750000E+00  0.129900E+01 -.125000E+01 0.100000E+01
 0.129900E+01 -.125000E+01 0.750000E+00  0.111500E+01 -.107290E+01 0.100000E+01
 0.173210E+01 0.500000E+00 0.750000E+00  0.173210E+01 0.500000E+00 0.100000E+01
 0.173210E+01 0.500000E+00 0.750000E+00  0.148670E+01 0.429200E+00 0.100000E+01
 0.433000E+00 0.175000E+01 0.100000E+01  0.371700E+00 0.150210E+01 0.100000E+01
 -.129900E+01 0.125000E+01 0.100000E+01  -.111500E+01 0.107290E+01 0.100000E+01
 -.173210E+01 -.500000E+00 0.100000E+01  -.148670E+01 -.429200E+00 0.100000E+01
 -.433000E+00 -.175000E+01 0.100000E+01  -.371700E+00 -.150210E+01 0.100000E+01
 0.129900E+01 -.125000E+01 0.100000E+01  0.111500E+01 -.107290E+01 0.100000E+01
 0.173210E+01 0.500000E+00 0.100000E+01  0.148670E+01 0.429200E+00 0.100000E+01
 0.371700E+00 0.150210E+01 -.100000E+01  0.310300E+00 0.125420E+01 -.100000E+01
 -.111500E+01 0.107290E+01 -.100000E+01  -.931000E+00 0.895800E+00 -.100000E+01
 -.148670E+01 -.429200E+00 -.100000E+01  -.124130E+01 -.358300E+00 -.100000E+01
 -.371700E+00 -.150210E+01 -.100000E+01  -.310300E+00 -.125420E+01 -.100000E+01
 0.111500E+01 -.107290E+01 -.100000E+01  0.931000E+00 -.895800E+00 -.100000E+01
 0.148670E+01 0.429200E+00 -.100000E+01  0.124130E+01 0.358300E+00 -.100000E+01
 0.371700E+00 0.150210E+01 0.100000E+01  0.310300E+00 0.125420E+01 0.100000E+01
 -.111500E+01 0.107290E+01 0.100000E+01  -.931000E+00 0.895800E+00 0.100000E+01
 -.148670E+01 -.429200E+00 0.100000E+01  -.124130E+01 -.358300E+00 0.100000E+01
 -.371700E+00 -.150210E+01 0.100000E+01  -.310300E+00 -.125420E+01 0.100000E+01
 0.111500E+01 -.107290E+01 0.100000E+01  0.931000E+00 -.895800E+00 0.100000E+01
 0.148670E+01 0.429200E+00 0.100000E+01  0.124130E+01 0.358300E+00 0.100000E+01
 0.253210E+01 -.100000E+01 0.100000E+01  0.333210E+01 -.100000E+01 0.100000E+01
 0.333210E+01 -.100000E+01 0.100000E+01  0.413210E+01 -.100000E+01 0.100000E+01
 0.413210E+01 -.100000E+01 0.100000E+01  0.493210E+01 -.100000E+01 0.100000E+01
 0.493210E+01 -.100000E+01 0.100000E+01  0.573210E+01 -.100000E+01 0.100000E+01
 0.573210E+01 -.100000E+01 0.100000E+01  0.653210E+01 -.100000E+01 0.100000E+01
 0.653210E+01 -.100000E+01 0.100000E+01  0.733210E+01 -.100000E+01 0.100000E+01
 0.733210E+01 -.100000E+01 0.100000E+01  0.813210E+01 -.100000E+01 0.100000E+01
 0.813210E+01 -.100000E+01 0.100000E+01  0.893210E+01 -.100000E+01 0.100000E+01
 0.893210E+01 -.100000E+01 0.100000E+01  0.973210E+01 -.100000E+01 0.100000E+01
 0.253210E+01 -.666700E+00 0.100000E+01  0.333210E+01 -.666700E+00 0.100000E+01
 0.333210E+01 -.666700E+00 0.100000E+01  0.413210E+01 -.666700E+00 0.100000E+01
 0.413210E+01 -.666700E+00 0.100000E+01  0.493210E+01 -.666700E+00 0.100000E+01
 0.493210E+01 -.666700E+00 0.100000E+01  0.573210E+01 -.666700E+00 0.100000E+01
 0.573210E+01 -.666700E+00 0.100000E+01  0.653210E+01 -.666700E+00 0.100000E+01
 0.653210E+01 -.666700E+00 0.100000E+01  0.733210E+01 -.666700E+00 0.100000E+01
 0.733210E+01 -.666700E+00 0.100000E+01  0.813210E+01 -.666700E+00 0.100000E+01
 0.813210E+01 -.666700E+00 0.100000E+01  0.893210E+01 -.666700E+00 0.100000E+01
 0.893210E+01 -.666700E+00 0.100000E+01  0.973210E+01 -.666700E+00 0.100000E+01
 0.253210E+01 -.333300E+00 0.100000E+01  0.333210E+01 -.333300E+00 0.100000E+01
 0.333210E+01 -.333300E+00 0.100000E+01  0.413210E+01 -.333300E+00 0.100000E+01
 0.413210E+01 -.333300E+00 0.100000E+01  0.493210E+01 -.333300E+00 0.100000E+01
 0.493210E+01 -.333300E+00 0.100000E+01  0.573210E+01 -.333300E+00 0.100000E+01
 0.573210E+01 -.333300E+00 0.100000E+01  0.653210E+01 -.333300E+00 0.100000E+01
 0.653210E+01 -.333300E+00 0.100000E+01  0.733210E+01 -.333300E+00 0.100000E+01
 0.733210E+01 -.333300E+00 0.100000E+01  0.813210E+01 -.333300E+00 0.100000E+01
 0.813210E+01 -.333300E+00 0.100000E+01  0.893210E+01 -.333300E+00 0.100000E+01
 0.893210E+01 -.333300E+00 0.100000E+01  0.973210E+01 -.333300E+00 0.100000E+01
 0.253210E+01 0.000000E+00 0.100000E+01  0.333210E+01 0.000000E+00 0.100000E+01
 0.333210E+01 0.000000E+00 0.100000E+01  0.413210E+01 0.000000E+00 0.100000E+01
 0.413210E+01 0.000000E+00 0.100000E+01  0.493210E+01 0.000000E+00 0.100000E+01
 0.493210E+01 0.000000E+00 0.100000E+01  0.573210E+01 0.000000E+00 0.100000E+01
 0.573210E+01 0.000000E+00 0.100000E+01  0.653210E+01 0.000000E+00 0.100000E+01
 0.653210E+01 0.000000E+00 0.100000E+01  0.733210E+01 0.000000E+00 0.100000E+01
 0.733210E+01 0.000000E+00 0.100000E+01  0.813210E+01 0.000000E+00 0.100000E+01
 0.813210E+01 0.000000E+00 0.100000E+01  0.893210E+01 0.000000E+00 0.100000E+01
 0.893210E+01 0.000000E+00 0.100000E+01  0.973210E+01 0.000000E+00 0.100000E+01
 0.253210E+01 0.333300E+00 0.100000E+01  0.333210E+01 0.333300E+00 0.100000E+01
 0.333210E+01 0.333300E+00 0.100000E+01  0.413210E+01 0.333300E+00 0.100000E+01
 0.413210E+01 0.333300E+00 0.100000E+01  0.493210E+01 0.333300E+00 0.100000E+01
 0.493210E+01 0.333300E+00 0.100000E+01  0.573210E+01 0.333300E+00 0.100000E+01
 0.573210E+01 0.333300E+00 0.100000E+01  0.653210E+01 0.333300E+00 0.100000E+01
 0.653210E+01 0.333300E+00 0.100000E+01  0.733210E+01 0.333300E+00 0.100000E+01
 0.733210E+01 0.333300E+00 0.100000E+01  0.813210E+01 0.333300E+00 0.100000E+01
 0.813210E+01 0.333300E+00 0.100000E+01  0.893210E+01 0.333300E+00 0.100000E+01
 0.893210E+01 0.333300E+00 0.100000E+01  0.973210E+01 0.333300E+00 0.100000E+01
 0.253210E+01 0.666700E+00 0.100000E+01  0.333210E+01 0.666700E+00 0.100000E+01
 0.333210E+01 0.666700E+00 0.100000E+01  0.413210E+01 0.666700E+00 0.100000E+01
 0.413210E+01 0.666700E+00 0.100000E+01  0.493210E+01 0.666700E+00 0.100000E+01
 0.493210E+01 0.666700E+00 0.100000E+01  0.573210E+01 0.666700E+00 0.100000E+01
 0.573210E+01 0.666700E+00 0.100000E+01  0.653210E+01 0.666700E+00 0.100000E+01
 0.653210E+01 0.666700E+00 0.100000E+01  0.733210E+01 0.666700E+00 0.100000E+01
 0.733210E+01 0.666700E+00 0.100000E+01  0.813210E+01 0.666700E+00 0.100000E+01
 0.813210E+01 0.666700E+00 0.100000E+01  0.893210E+01 0.666700E+00 0.100000E+01
 0.893210E+01 0.666700E+00 0.100000E+01  0.973210E+01 0.666700E+00 0.100000E+01
 0.253210E+01 0.100000E+01 0.100000E+01  0.333210E+01 0.100000E+01 0.100000E+01
 0.333210E+01 0.100000E+01 0.100000E+01  0.413210E+01 0.100000E+01 0.100000E+01
 0.413210E+01 0.100000E+01 0.100000E+01  0.493210E+01 0.100000E+01 0.100000E+01
 0.493210E+01 0.100000E+01 0.100000E+01  0.573210E+01 0.100000E+01 0.100000E+01
 0.573210E+01 0.100000E+01 0.100000E+01  0.653210E+01 0.100000E+01 0.100000E+01
 0.653210E+01 0.100000E+01 0.100000E+01  0.733210E+01 0.100000E+01 0.100000E+01
 0.733210E+01 0.100000E+01 0.100000E+01  0.813210E+01 0.100000E+01 0.100000E+01
 0.813210E+01 0.100000E+01 0.100000E+01  0.893210E+01 0.100000E+01 0.100000E+01
 0.893210E+01 0.100000E+01 0.100000E+01  0.973210E+01 0.100000E+01 0.100000E+01
 0.253210E+01 -.100000E+01 0.100000E+01  0.253210E+01 -.666700E+00 0.100000E+01
 0.333210E+01 -.100000E+01 0.100000E+01  0.333210E+01 -.666700E+00 0.100000E+01
 0.413210E+01 -.100000E+01 0.100000E+01  0.413210E+01 -.666700E+00 0.100000E+01
 0.493210E+01 -.100000E+01 0.100000E+01  0.493210E+01 -.666700E+00 0.100000E+01
 0.573210E+01 -.100000E+01 0.100000E+01  0.573210E+01 -.666700E+00 0.100000E+01
 0.653210E+01 -.100000E+01 0.100000E+01  0.653210E+01 -.666700E+00 0.100000E+01
 0.733210E+01 -.100000E+01 0.100000E+01  0.733210E+01 -.666700E+00 0.100000E+01
 0.813210E+01 -.100000E+01 0.100000E+01  0.813210E+01 -.666700E+00 0.100000E+01
 0.893210E+01 -.100000E+01 0.100000E+01  0.893210E+01 -.666700E+00 0.100000E+01
 0.973210E+01 -.100000E+01 0.100000E+01  0.973210E+01 -.666700E+00 0.100000E+01
 0.253210E+01 -.666700E+00 0.100000E+01  0.253210E+01 -.333300E+00 0.100000E+01
 0.333210E+01 -.666700E+00 0.100000E+01  0.333210E+01 -.333300E+00 0.100000E+01
 0.413210E+01 -.666700E+00 0.100000E+01  0.413210E+01 -.333300E+00 0.100000E+01
 0.493210E+01 -.666700E+00 0.100000E+01  0.493210E+01 -.333300E+00 0.100000E+01
 0.573210E+01 -.666700E+00 0.100000E+01  0.573210E+01 -.333300E+00 0.100000E+01
 0.653210E+01 -.666700E+00 0.100000E+01  0.653210E+01 -.333300E+00 0.100000E+01
 0.733210E+01 -.666700E+00 0.100000E+01  0.733210E+01 -.333300E+00 0.100000E+01
 0.813210E+01 -.666700E+00 0.100000E+01  0.813210E+01 -.333300E+00 0.100000E+01
 0.893210E+01 -.666700E+00 0.100000E+01  0.893210E+01 -.333300E+00 0.100000E+01
 0.973210E+01 -.666700E+00 0.100000E+01  0.973210E+01 -.333300E+00 0.100000E+01
 0.253210E+01 -.333300E+00 0.100000E+01  0.253210E+01 0.000000E+00 0.100000E+01
 0.333210E+01 -.333300E+00 0.100000E+01  0.333210E+01 0.000000E+00 0.100000E+01
 0.413210E+01 -.333300E+00 0.100000E+01  0.413210E+01 0.000000E+00 0.100000E+01
 0.493210E+01 -.333300E+00 0.100000E+01  0.493210E+01 0.000000E+00 0.100000E+01
 0.573210E+01 -.333300E+00 0.100000E+01  0.573210E+01 0.000000E+00 0.100000E+01
 0.653210E+01 -.333300E+00 0.100000E+01  0.653210E+01 0.000000E+00 0.100000E+01
 0.733210E+01 -.333300E+00 0.100000E+01  0.733210E+01 0.000000E+00 0.100000E+01
 0.813210E+01 -.333300E+00 0.100000E+01  0.813210E+01 0.000000E+00 0.100000E+01
 0.893210E+01 -.333300E+00 0.100000E+01  0.893210E+01 0.000000E+00 0.100000E+01
 0.973210E+01 -.333300E+00 0.100000E+01  0.973210E+01 0.000000E+00 0.100000E+01
 0.253210E+01 0.000000E+00 0.100000E+01  0.253210E+01 0.333300E+00 0.100000E+01
 0.333210E+01 0.000000E+00 0.100000E+01  0.333210E+01 0.333300E+00 0.100000E+01
 0.413210E+01 0.000000E+00 0.100000E+01  0.413210E+01 0.333300E+00 0.100000E+01
 0.493210E+01 0.000000E+00 0.100000E+01  0.493210E+01 0.333300E+00 0.100000E+01
 0.573210E+01 0.000000E+00 0.100000E+01  0.573210E+01 0.333300E+00 0.100000E+01
 0.653210E+01 0.000000E+00 0.100000E+01  0.653210E+01 0.333300E+00 0.100000E+01
 0.733210E+01 0.000000E+00 0.100000E+01  0.733210E+01 0.333300E+00 0.100000E+01
 0.813210E+01 0.000000E+00 0.100000E+01  0.813210E+01 0.333300E+00 0.100000E+01
 0.893210E+01 0.000000E+00 0.100000E+01  0.893210E+01 0.333300E+00 0.100000E+01
 0.973210E+01 0.000000E+00 0.100000E+01  0.973210E+01 0.333300E+00 0.100000E+01
 0.253210E+01 0.333300E+00 0.100000E+01  0.253210E+01 0.666700E+00 0.100000E+01
 0.333210E+01 0.333300E+00 0.100000E+01  0.333210E+01 0.666700E+00 0.100000E+01
 0.413210E+01 0.333300E+00 0.100000E+01  0.413210E+01 0.666700E+00 0.100000E+01
 0.493210E+01 0.333300E+00 0.100000E+01  0.493210E+01 0.666700E+00 0.100000E+01
 0.573210E+01 0.333300E+00 0.100000E+01  0.573210E+01 0.666700E+00 0.100000E+01
 0.653210E+01 0.333300E+00 0.100000E+01  0.653210E+01 0.666700E+00 0.100000E+01
 0.733210E+01 0.333300E+00 0.100000E+01  0.733210E+01 0.666700E+00 0.100000E+01
 0.813210E+01 0.333300E+00 0.100000E+01  0.813210E+01 0.666700E+00 0.100000E+01
 0.893210E+01 0.333300E+00 0.100000E+01  0.893210E+01 0.666700E+00 0.100000E+01
 0.973210E+01 0.333300E+00 0.100000E+01  0.973210E+01 0.666700E+00 0.100000E+01
 0.253210E+01 0.666700E+00 0.100000E+01  0.253210E+01 0.100000E+01 0.100000E+01
 0.333210E+01 0.666700E+00 0.100000E+01  0.333210E+01 0.100000E+01 0.100000E+01
 0.413210E+01 0.666700E+00 0.100000E+01  0.413210E+01 0.100000E+01 0.100000E+01
 0.493210E+01 0.666700E+00 0.100000E+01  0.493210E+01 0.100000E+01 0.100000E+01
 0.573210E+01 0.666700E+00 0.100000E+01  0.573210E+01 0.100000E+01 0.100000E+01
 0.653210E+01 0.666700E+00 0.100000E+01  0.653210E+01 0.100000E+01 0.100000E+01
 0.733210E+01 0.666700E+00 0.100000E+01  0.733210E+01 0.100000E+01 0.100000E+01
 0.813210E+01 0.666700E+00 0.100000E+01  0.813210E+01 0.100000E+01 0.100000E+01
 0.893210E+01 0.666700E+00 0.100000E+01  0.893210E+01 0.100000E+01 0.100000E+01
 0.973210E+01 0.666700E+00 0.100000E+01  0.973210E+01 0.100000E+01 0.100000E+01
 -.400000E+00 0.269280E+01 0.100000E+01  -.800000E+00 0.338560E+01 0.100000E+01
 -.800000E+00 0.338560E+01 0.100000E+01  -.120000E+01 0.407850E+01 0.100000E+01
 -.120000E+01 0.407850E+01 0.100000E+01  -.160000E+01 0.477130E+01 0.100000E+01
 -.160000E+01 0.477130E+01 0.100000E+01  -.200000E+01 0.546410E+01 0.100000E+01
 -.200000E+01 0.546410E+01 0.100000E+01  -.240000E+01 0.615690E+01 0.100000E+01
 -.240000E+01 0.615690E+01 0.100000E+01  -.280000E+01 0.684970E+01 0.100000E+01
 -.280000E+01 0.684970E+01 0.100000E+01  -.320000E+01 0.754260E+01 0.100000E+01
 -.320000E+01 0.754260E+01 0.100000E+01  -.360000E+01 0.823540E+01 0.100000E+01
 -.360000E+01 0.823540E+01 0.100000E+01  -.400000E+01 0.892820E+01 0.100000E+01
 -.688700E+00 0.252620E+01 0.100000E+01  -.108870E+01 0.321900E+01 0.100000E+01
 -.108870E+01 0.321900E+01 0.100000E+01  -.148870E+01 0.391180E+01 0.100000E+01
 -.148870E+01 0.391180E+01 0.100000E+01  -.188870E+01 0.460460E+01 0.100000E+01
 -.188870E+01 0.460460E+01 0.100000E+01  -.228870E+01 0.529740E+01 0.100000E+01
 -.228870E+01 0.529740E+01 0.100000E+01  -.268870E+01 0.599030E+01 0.100000E+01
 -.268870E+01 0.599030E+01 0.100000E+01  -.308870E+01 0.668310E+01 0.100000E+01
 -.308870E+01 0.668310E+01 0.100000E+01  -.348870E+01 0.737590E+01 0.100000E+01
 -.348870E+01 0.737590E+01 0.100000E+01  -.388870E+01 0.806870E+01 0.100000E+01
 -.388870E+01 0.806870E+01 0.100000E+01  -.428870E+01 0.876150E+01 0.100000E+01
 -.977400E+00 0.235950E+01 0.100000E+01  -.137740E+01 0.305230E+01 0.100000E+01
 -.137740E+01 0.305230E+01 0.100000E+01  -.177740E+01 0.374510E+01 0.100000E+01
 -.177740E+01 0.374510E+01 0.100000E+01  -.217740E+01 0.443790E+01 0.100000E+01
 -.217740E+01 0.443790E+01 0.100000E+01  -.257740E+01 0.513080E+01 0.100000E+01
 -.257740E+01 0.513080E+01 0.100000E+01  -.297740E+01 0.582360E+01 0.100000E+01
 -.297740E+01 0.582360E+01 0.100000E+01  -.337740E+01 0.651640E+01 0.100000E+01
 -.337740E+01 0.651640E+01 0.100000E+01  -.377740E+01 0.720920E+01 0.100000E+01
 -.377740E+01 0.720920E+01 0.100000E+01  -.417740E+01 0.790200E+01 0.100000E+01
 -.417740E+01 0.790200E+01 0.100000E+01  -.457740E+01 0.859490E+01 0.100000E+01
 -.126600E+01 0.219280E+01 0.100000E+01  -.166600E+01 0.288560E+01 0.100000E+01
 -.166600E+01 0.288560E+01 0.100000E+01  -.206600E+01 0.357850E+01 0.100000E+01
 -.206600E+01 0.357850E+01 0.100000E+01  -.246600E+01 0.427130E+01 0.100000E+01
 -.246600E+01 0.427130E+01 0.100000E+01  -.286600E+01 0.496410E+01 0.100000E+01
 -.286600E+01 0.496410E+01 0.100000E+01  -.326600E+01 0.565690E+01 0.100000E+01
 -.326600E+01 0.565690E+01 0.100000E+01  -.366600E+01 0.634970E+01 0.100000E+01
 -.366600E+01 0.634970E+01 0.100000E+01  -.406600E+01 0.704260E+01 0.100000E+01
 -.406600E+01 0.704260E+01 0.100000E+01  -.446600E+01 0.773540E+01 0.100000E+01
 -.446600E+01 0.773540E+01 0.100000E+01  -.486600E+01 0.842820E+01 0.100000E+01
 -.155470E+01 0.202620E+01 0.100000E+01  -.195470E+01 0.271900E+01 0.100000E+01
 -.195470E+01 0.271900E+01 0.100000E+01  -.235470E+01 0.341180E+01 0.100000E+01
 -.235470E+01 0.341180E+01 0.100000E+01  -.275470E+01 0.410460E+01 0.100000E+01
 -.275470E+01 0.410460E+01 0.100000E+01  -.315470E+01 0.479740E+01 0.100000E+01
 -.315470E+01 0.479740E+01 0.100000E+01  -.355470E+01 0.549030E+01 0.100000E+01
 -.355470E+01 0.549030E+01 0.100000E+01  -.395470E+01 0.618310E+01 0.100000E+01
 -.395470E+01 0.618310E+01 0.100000E+01  -.435470E+01 0.687590E+01 0.100000E+01
 -.435470E+01 0.687590E+01 0.100000E+01  -.475470E+01 0.756870E+01 0.100000E+01
 -.475470E+01 0.756870E+01 0.100000E+01  -.515470E+01 0.826150E+01 0.100000E+01
 -.184340E+01 0.185950E+01 0.100000E+01  -.224340E+01 0.255230E+01 0.100000E+01
 -.224340E+01 0.255230E+01 0.100000E+01  -.264340E+01 0.324510E+01 0.100000E+01
 -.264340E+01 0.324510E+01 0.100000E+01  -.304340E+01 0.393790E+01 0.100000E+01
 -.304340E+01 0.393790E+01 0.100000E+01  -.344340E+01 0.463080E+01 0.100000E+01
 -.344340E+01 0.463080E+01 0.100000E+01  -.384340E+01 0.532360E+01 0.100000E+01
 -.384340E+01 0.532360E+01 0.100000E+01  -.424340E+01 0.601640E+01 0.100000E+01
 -.424340E+01 0.601640E+01 0.100000E+01  -.464340E+01 0.670920E+01 0.100000E+01
 -.464340E+01 0.670920E+01 0.100000E+01  -.504340E+01 0.740200E+01 0.100000E+01
 -.504340E+01 0.740200E+01 0.100000E+01  -.544340E+01 0.809490E+01 0.100000E+01
 -.213210E+01 0.169280E+01 0.100000E+01  -.253210E+01 0.238560E+01 0.100000E+01
 -.253210E+01 0.238560E+01 0.100000E+01  -.293210E+01 0.307850E+01 0.100000E+01
 -.293210E+01 0.307850E+01 0.100000E+01  -.333210E+01 0.377130E+01 0.100000E+01
 -.333210E+01 0.377130E+01 0.100000E+01  -.373210E+01 0.446410E+01 0.100000E+01
 -.373210E+01 0.446410E+01 0.100000E+01  -.413210E+01 0.515690E+01 0.100000E+01
 -.413210E+01 0.515690E+01 0.100000E+01  -.453210E+01 0.584970E+01 0.100000E+01
 -.453210E+01 0.584970E+01 0.100000E+01  -.493210E+01 0.654260E+01 0.100000E+01
 -.493210E+01 0.654260E+01 0.100000E+01  -.533210E+01 0.723540E+01 0.100000E+01
 -.533210E+01 0.723540E+01 0.100000E+01  -.573210E+01 0.792820E+01 0.100000E+01
 -.400000E+00 0.269280E+01 0.100000E+01  -.688700E+00 0.252620E+01 0.100000E+01
 -.800000E+00 0.338560E+01 0.100000E+01  -.108870E+01 0.321900E+01 0.100000E+01
 -.120000E+01 0.407850E+01 0.100000E+01  -.148870E+01 0.391180E+01 0.100000E+01
 -.160000E+01 0.477130E+01 0.100000E+01  -.188870E+01 0.460460E+01 0.100000E+01
 -.200000E+01 0.546410E+01 0.100000E+01  -.228870E+01 0.529740E+01 0.100000E+01
 -.240000E+01 0.615690E+01 0.100000E+01  -.268870E+01 0.599030E+01 0.100000E+01
 -.280000E+01 0.684970E+01 0.100000E+01  -.308870E+01 0.668310E+01 0.100000E+01
 -.320000E+01 0.754260E+01 0.100000E+01  -.348870E+01 0.737590E+01 0.100000E+01
 -.360000E+01 0.823540E+01 0.100000E+01  -.388870E+01 0.806870E+01 0.100000E+01
 -.400000E+01 0.892820E+01 0.100000E+01  -.428870E+01 0.876150E+01 0.100000E+01
 -.688700E+00 0.252620E+01 0.100000E+01  -.977400E+00 0.235950E+01 0.100000E+01
 -.108870E+01 0.321900E+01 0.100000E+01  -.137740E+01 0.305230E+01 0.100000E+01
 -.148870E+01 0.391180E+01 0.100000E+01  -.177740E+01 0.374510E+01 0.100000E+01
 -.188870E+01 0.460460E+01 0.100000E+01  -.217740E+01 0.443790E+01 0.100000E+01
 -.228870E+01 0.529740E+01 0.100000E+01  -.257740E+01 0.513080E+01 0.100000E+01
 -.268870E+01 0.599030E+01 0.100000E+01  -.297740E+01 0.582360E+01 0.100000E+01
 -.308870E+01 0.668310E+01 0.100000E+01  -.337740E+01 0.651640E+01 0.100000E+01
 -.348870E+01 0.737590E+01 0.100000E+01  -.377740E+01 0.720920E+01 0.100000E+01
 -.388870E+01 0.806870E+01 0.100000E+01  -.417740E+01 0.790200E+01 0.100000E+01
 -.428870E+01 0.876150E+01 0.100000E+01  -.457740E+01 0.859490E+01 0.100000E+01
 -.977400E+00 0.235950E+01 0.100000E+01  -.126600E+01 0.219280E+01 0.100000E+01
 -.137740E+01 0.305230E+01 0.100000E+01  -.166600E+01 0.288560E+01 0.100000E+01
 -.177740E+01 0.374510E+01 0.100000E+01  -.206600E+01 0.357850E+01 0.100000E+01
 -.217740E+01 0.443790E+01 0.100000E+01  -.246600E+01 0.427130E+01 0.100000E+01
 -.257740E+01 0.513080E+01 0.100000E+01  -.286600E+01 0.496410E+01 0.100000E+01
 -.297740E+01 0.582360E+01 0.100000E+01  -.326600E+01 0.565690E+01 0.100000E+01
 -.337740E+01 0.651640E+01 0.100000E+01  -.366600E+01 0.634970E+01 0.100000E+01
 -.377740E+01 0.720920E+01 0.100000E+01  -.406600E+01 0.704260E+01 0.100000E+01
 -.417740E+01 0.790200E+01 0.100000E+01  -.446600E+01 0.773540E+01 0.100000E+01
 -.457740E+01 0.859490E+01 0.100000E+01  -.486600E+01 0.842820E+01 0.100000E+01
 -.126600E+01 0.219280E+01 0.100000E+01  -.155470E+01 0.202620E+01 0.100000E+01
 -.166600E+01 0.288560E+01 0.100000E+01  -.195470E+01 0.271900E+01 0.100000E+01
 -.206600E+01 0.357850E+01 0.100000E+01  -.235470E+01 0.341180E+01 0.100000E+01
 -.246600E+01 0.427130E+01 0.100000E+01  -.275470E+01 0.410460E+01 0.100000E+01
 -.286600E+01 0.496410E+01 0.100000E+01  -.315470E+01 0.479740E+01 0.100000E+01
 -.326600E+01 0.565690E+01 0.100000E+01  -.355470E+01 0.549030E+01 0.100000E+01
 -.366600E+01 0.634970E+01 0.100000E+01  -.395470E+01 0.618310E+01 0.100000E+01
 -.406600E+01 0.704260E+01 0.100000E+01  -.435470E+01 0.687590E+01 0.100000E+01
 -.446600E+01 0.773540E+01 0.100000E+01  -.475470E+01 0.756870E+01 0.100000E+01
 -.486600E+01 0.842820E+01 0.100000E+01  -.515470E+01 0.826150E+01 0.100000E+01
 -.155470E+01 0.202620E+01 0.100000E+01  -.184340E+01 0.185950E+01 0.100000E+01
 -.195470E+01 0.271900E+01 0.100000E+01  -.224340E+01 0.255230E+01 0.100000E+01
 -.235470E+01 0.341180E+01 0.100000E+01  -.264340E+01 0.324510E+01 0.100000E+01
 -.275470E+01 0.410460E+01 0.100000E+01  -.304340E+01 0.393790E+01 0.100000E+01
 -.315470E+01 0.479740E+01 0.100000E+01  -.344340E+01 0.463080E+01 0.100000E+01
 -.355470E+01 0.549030E+01 0.100000E+01  -.384340E+01 0.532360E+01 0.100000E+01
 -.395470E+01 0.618310E+01 0.100000E+01  -.424340E+01 0.601640E+01 0.100000E+01
 -.435470E+01 0.687590E+01 0.100000E+01  -.464340E+01 0.670920E+01 0.100000E+01
 -.475470E+01 0.756870E+01 0.100000E+01  -.504340E+01 0.740200E+01 0.100000E+01
 -.515470E+01 0.826150E+01 0.100000E+01  -.544340E+01 0.809490E+01 0.100000E+01
 -.184340E+01 0.185950E+01 0.100000E+01  -.213210E+01 0.169280E+01 0.100000E+01
 -.224340E+01 0.255230E+01 0.100000E+01  -.253210E+01 0.238560E+01 0.100000E+01
 -.264340E+01 0.324510E+01 0.100000E+01  -.293210E+01 0.307850E+01 0.100000E+01
 -.304340E+01 0.393790E+01 0.100000E+01  -.333210E+01 0.377130E+01 0.100000E+01
 -.344340E+01 0.463080E+01 0.100000E+01  -.373210E+01 0.446410E+01 0.100000E+01
 -.384340E+01 0.532360E+01 0.100000E+01  -.413210E+01 0.515690E+01 0.100000E+01
 -.424340E+01 0.601640E+01 0.100000E+01  -.453210E+01 0.584970E+01 0.100000E+01
 -.464340E+01 0.670920E+01 0.100000E+01  -.493210E+01 0.654260E+01 0.100000E+01
 -.504340E+01 0.740200E+01 0.100000E+01  -.533210E+01 0.723540E+01 0.100000E+01
 -.544340E+01 0.809490E+01 0.100000E+01  -.573210E+01 0.792820E+01 0.100000E+01
 -.213210E+01 -.169280E+01 0.100000E+01  -.253210E+01 -.238560E+01 0.100000E+01
 -.253210E+01 -.238560E+01 0.100000E+01  -.293210E+01 -.307850E+01 0.100000E+01
 -.293210E+01 -.307850E+01 0.100000E+01  -.333210E+01 -.377130E+01 0.100000E+01
 -.333210E+01 -.377130E+01 0.100000E+01  -.373210E+01 -.446410E+01 0.100000E+01
 -.373210E+01 -.446410E+01 0.100000E+01  -.413210E+01 -.515690E+01 0.100000E+01
 -.413210E+01 -.515690E+01 0.100000E+01  -.453210E+01 -.584970E+01 0.100000E+01
 -.453210E+01 -.584970E+01 0.100000E+01  -.493210E+01 -.654260E+01 0.100000E+01
 -.493210E+01 -.654260E+01 0.100000E+01  -.533210E+01 -.723540E+01 0.100000E+01
 -.533210E+01 -.723540E+01 0.100000E+01  -.573210E+01 -.792820E+01 0.100000E+01
 -.184340E+01 -.185950E+01 0.100000E+01  -.224340E+01 -.255230E+01 0.100000E+01
 -.224340E+01 -.255230E+01 0.100000E+01  -.264340E+01 -.324510E+01 0.100000E+01
 -.264340E+01 -.324510E+01 0.100000E+01  -.304340E+01 -.393790E+01 0.100000E+01
 -.304340E+01 -.393790E+01 0.100000E+01  -.344340E+01 -.463080E+01 0.100000E+01
 -.344340E+01 -.463080E+01 0.100000E+01  -.384340E+01 -.532360E+01 0.100000E+01
 -.384340E+01 -.532360E+01 0.100000E+01  -.424340E+01 -.601640E+01 0.100000E+01
 -.424340E+01 -.601640E+01 0.100000E+01  -.464340E+01 -.670920E+01 0.100000E+01
 -.464340E+01 -.670920E+01 0.100000E+01  -.504340E+01 -.740200E+01 0.100000E+01
 -.504340E+01 -.740200E+01 0.100000E+01  -.544340E+01 -.809490E+01 0.100000E+01
 -.155470E+01 -.202620E+01 0.100000E+01  -.195470E+01 -.271900E+01 0.100000E+01
 -.195470E+01 -.271900E+01 0.100000E+01  -.235470E+01 -.341180E+01 0.100000E+01
 -.235470E+01 -.341180E+01 0.100000E+01  -.275470E+01 -.410460E+01 0.100000E+01
 -.275470E+01 -.410460E+01 0.100000E+01  -.315470E+01 -.479740E+01 0.100000E+01
 -.315470E+01 -.479740E+01 0.100000E+01  -.355470E+01 -.549030E+01 0.100000E+01
 -.355470E+01 -.549030E+01 0.100000E+01  -.395470E+01 -.618310E+01 0.100000E+01
 -.395470E+01 -.618310E+01 0.100000E+01  -.435470E+01 -.687590E+01 0.100000E+01
 -.435470E+01 -.687590E+01 0.100000E+01  -.475470E+01 -.756870E+01 0.100000E+01
 -.475470E+01 -.756870E+01 0.100000E+01  -.515470E+01 -.826150E+01 0.100000E+01
 -.126600E+01 -.219280E+01 0.100000E+01  -.166600E+01 -.288560E+01 0.100000E+01
 -.166600E+01 -.288560E+01 0.100000E+01  -.206600E+01 -.357850E+01 0.100000E+01
 -.206600E+01 -.357850E+01 0.100000E+01  -.246600E+01 -.427130E+01 0.100000E+01
 -.246600E+01 -.427130E+01 0.100000E+01  -.286600E+01 -.496410E+01 0.100000E+01
 -.286600E+01 -.496410E+01 0.100000E+01  -.326600E+01 -.565690E+01 0.100000E+01
 -.326600E+01 -.565690E+01 0.100000E+01  -.366600E+01 -.634970E+01 0.100000E+01
 -.366600E+01 -.634970E+01 0.100000E+01  -.406600E+01 -.704260E+01 0.100000E+01
 -.406600E+01 -.704260E+01 0.100000E+01  -.446600E+01 -.773540E+01 0.100000E+01
 -.446600E+01 -.773540E+01 0.100000E+01  -.486600E+01 -.842820E+01 0.100000E+01
 -.977400E+00 -.235950E+01 0.100000E+01  -.137740E+01 -.305230E+01 0.100000E+01
 -.137740E+01 -.305230E+01 0.100000E+01  -.177740E+01 -.374510E+01 0.100000E+01
 -.177740E+01 -.374510E+01 0.100000E+01  -.217740E+01 -.443790E+01 0.100000E+01
 -.217740E+01 -.443790E+01 0.100000E+01  -.257740E+01 -.513080E+01 0.100000E+01
 -.257740E+01 -.513080E+01 0.100000E+01  -.297740E+01 -.582360E+01 0.100000E+01
 -.297740E+01 -.582360E+01 0.100000E+01  -.337740E+01 -.651640E+01 0.100000E+01
 -.337740E+01 -.651640E+01 0.100000E+01  -.377740E+01 -.720920E+01 0.100000E+01
 -.377740E+01 -.720920E+01 0.100000E+01  -.417740E+01 -.790200E+01 0.100000E+01
 -.417740E+01 -.790200E+01 0.100000E+01  -.457740E+01 -.859490E+01 0.100000E+01
 -.688700E+00 -.252620E+01 0.100000E+01  -.108870E+01 -.321900E+01 0.100000E+01
 -.108870E+01 -.321900E+01 0.100000E+01  -.148870E+01 -.391180E+01 0.100000E+01
 -.148870E+01 -.391180E+01 0.100000E+01  -.188870E+01 -.460460E+01 0.100000E+01
 -.188870E+01 -.460460E+01 0.100000E+01  -.228870E+01 -.529740E+01 0.100000E+01
 -.228870E+01 -.529740E+01 0.100000E+01  -.268870E+01 -.599030E+01 0.100000E+01
 -.268870E+01 -.599030E+01 0.100000E+01  -.308870E+01 -.668310E+01 0.100000E+01
 -.308870E+01 -.668310E+01 0.100000E+01  -.348870E+01 -.737590E+01 0.100000E+01
 -.348870E+01 -.737590E+01 0.100000E+01  -.388870E+01 -.806870E+01 0.100000E+01
 -.388870E+01 -.806870E+01 0.100000E+01  -.428870E+01 -.876150E+01 0.100000E+01
 -.400000E+00 -.269280E+01 0.100000E+01  -.800000E+00 -.338560E+01 0.100000E+01
 -.800000E+00 -.338560E+01 0.100000E+01  -.120000E+01 -.407850E+01 0.100000E+01
 -.120000E+01 -.407850E+01 0.100000E+01  -.160000E+01 -.477130E+01 0.100000E+01
 -.160000E+01 -.477130E+01 0.100000E+01  -.200000E+01 -.546410E+01 0.100000E+01
 -.200000E+01 -.546410E+01 0.100000E+01  -.240000E+01 -.615690E+01 0.100000E+01
 -.240000E+01 -.615690E+01 0.100000E+01  -.280000E+01 -.684970E+01 0.100000E+01
 -.280000E+01 -.684970E+01 0.100000E+01  -.320000E+01 -.754260E+01 0.100000E+01
 -.320000E+01 -.754260E+01 0.100000E+01  -.360000E+01 -.823540E+01 0.100000E+01
 -.360000E+01 -.823540E+01 0.100000E+01  -.400000E+01 -.892820E+01 0.100000E+01
 -.213210E+01 -.169280E+01 0.100000E+01  -.184340E+01 -.185950E+01 0.100000E+01
 -.253210E+01 -.238560E+01 0.100000E+01  -.224340E+01 -.255230E+01 0.100000E+01
 -.293210E+01 -.307850E+01 0.100000E+01  -.264340E+01 -.324510E+01 0.100000E+01
 -.333210E+01 -.377130E+01 0.100000E+01  -.304340E+01 -.393790E+01 0.100000E+01
 -.373210E+01 -.446410E+01 0.100000E+01  -.344340E+01 -.463080E+01 0.100000E+01
 -.413210E+01 -.515690E+01 0.100000E+01  -.384340E+01 -.532360E+01 0.100000E+01
 -.453210E+01 -.584970E+01 0.100000E+01  -.424340E+01 -.601640E+01 0.100000E+01
 -.493210E+01 -.654260E+01 0.100000E+01  -.464340E+01 -.670920E+01 0.100000E+01
 -.533210E+01 -.723540E+01 0.100000E+01  -.504340E+01 -.740200E+01 0.100000E+01
 -.573210E+01 -.792820E+01 0.100000E+01  -.544340E+01 -.809490E+01 0.100000E+01
 -.184340E+01 -.185950E+01 0.100000E+01  -.155470E+01 -.202620E+01 0.100000E+01
 -.224340E+01 -.255230E+01 0.100000E+01  -.195470E+01 -.271900E+01 0.100000E+01
 -.264340E+01 -.324510E+01 0.100000E+01  -.235470E+01 -.341180E+01 0.100000E+01
 -.304340E+01 -.393790E+01 0.100000E+01  -.275470E+01 -.410460E+01 0.100000E+01
 -.344340E+01 -.463080E+01 0.100000E+01  -.315470E+01 -.479740E+01 0.100000E+01
 -.384340E+01 -.532360E+01 0.100000E+01  -.355470E+01 -.549030E+01 0.100000E+01
 -.424340E+01 -.601640E+01 0.100000E+01  -.395470E+01 -.618310E+01 0.100000E+01
 -.464340E+01 -.670920E+01 0.100000E+01  -.435470E+01 -.687590E+01 0.100000E+01
 -.504340E+01 -.740200E+01 0.100000E+01  -.475470E+01 -.756870E+01 0.100000E+01
 -.544340E+01 -.809490E+01 0.100000E+01  -.515470E+01 -.826150E+01 0.100000E+01
 -.155470E+01 -.202620E+01 0.100000E+01  -.126600E+01 -.219280E+01 0.100000E+01
 -.195470E+01 -.271900E+01 0.100000E+01  -.166600E+01 -.288560E+01 0.100000E+01
 -.235470E+01 -.341180E+01 0.100000E+01  -.206600E+01 -.357850E+01 0.100000E+01
 -.275470E+01 -.410460E+01 0.100000E+01  -.246600E+01 -.427130E+01 0.100000E+01
 -.315470E+01 -.479740E+01 0.100000E+01  -.286600E+01 -.496410E+01 0.100000E+01
 -.355470E+01 -.549030E+01 0.100000E+01  -.326600E+01 -.565690E+01 0.100000E+01
 -.395470E+01 -.618310E+01 0.100000E+01  -.366600E+01 -.634970E+01 0.100000E+01
 -.435470E+01 -.687590E+01 0.100000E+01  -.406600E+01 -.704260E+01 0.100000E+01
 -.475470E+01 -.756870E+01 0.100000E+01  -.446600E+01 -.773540E+01 0.100000E+01
 -.515470E+01 -.826150E+01 0.100000E+01  -.486600E+01 -.842820E+01 0.100000E+01
 -.126600E+01 -.219280E+01 0.100000E+01  -.977400E+00 -.235950E+01 0.100000E+01
 -.166600E+01 -.288560E+01 0.100000E+01  -.137740E+01 -.305230E+01 0.100000E+01
 -.206600E+01 -.357850E+01 0.100000E+01  -.177740E+01 -.374510E+01 0.100000E+01
 -.246600E+01 -.427130E+01 0.100000E+01  -.217740E+01 -.443790E+01 0.100000E+01
 -.286600E+01 -.496410E+01 0.100000E+01  -.257740E+01 -.513080E+01 0.100000E+01
 -.326600E+01 -.565690E+01 0.100000E+01  -.297740E+01 -.582360E+01 0.100000E+01
 -.366600E+01 -.634970E+01 0.100000E+01  -.337740E+01 -.651640E+01 0.100000E+01
 -.406600E+01 -.704260E+01 0.100000E+01  -.377740E+01 -.720920E+01 0.100000E+01
 -.446600E+01 -.773540E+01 0.100000E+01  -.417740E+01 -.790200E+01 0.100000E+01
 -.486600E+01 -.842820E+01 0.100000E+01  -.457740E+01 -.859490E+01 0.100000E+01
 -.977400E+00 -.235950E+01 0.100000E+01  -.688700E+00 -.252620E+01 0.100000E+01
 -.137740E+01 -.305230E+01 0.100000E+01  -.108870E+01 -.321900E+01 0.100000E+01
 -.177740E+01 -.374510E+01 0.100000E+01  -.148870E+01 -.391180E+01 0.100000E+01
 -.217740E+01 -.443790E+01 0.100000E+01  -.188870E+01 -.460460E+01 0.100000E+01
 -.257740E+01 -.513080E+01 0.100000E+01  -.228870E+01 -.529740E+01 0.100000E+01
 -.297740E+01 -.582360E+01 0.100000E+01  -.268870E+01 -.599030E+01 0.100000E+01
 -.337740E+01 -.651640E+01 0.100000E+01  -.308870E+01 -.668310E+01 0.100000E+01
 -.377740E+01 -.720920E+01 0.100000E+01  -.348870E+01 -.737590E+01 0.100000E+01
 -.417740E+01 -.790200E+01 0.100000E+01  -.388870E+01 -.806870E+01 0.100000E+01
 -.457740E+01 -.859490E+01 0.100000E+01  -.428870E+01 -.876150E+01 0.100000E+01
 -.688700E+00 -.252620E+01 0.100000E+01  -.400000E+00 -.269280E+01 0.100000E+01
 -.108870E+01 -.321900E+01 0.100000E+01  -.800000E+00 -.338560E+01 0.100000E+01
 -.148870E+01 -.391180E+01 0.100000E+01  -.120000E+01 -.407850E+01 0.100000E+01
 -.188870E+01 -.460460E+01 0.100000E+01  -.160000E+01 -.477130E+01 0.100000E+01
 -.228870E+01 -.529740E+01 0.100000E+01  -.200000E+01 -.546410E+01 0.100000E+01
 -.268870E+01 -.599030E+01 0.100000E+01  -.240000E+01 -.615690E+01 0.100000E+01
 -.308870E+01 -.668310E+01 0.100000E+01  -.280000E+01 -.684970E+01 0.100000E+01
 -.348870E+01 -.737590E+01 0.100000E+01  -.320000E+01 -.754260E+01 0.100000E+01
 -.388870E+01 -.806870E+01 0.100000E+01  -.360000E+01 -.823540E+01 0.100000E+01
 -.428870E+01 -.876150E+01 0.100000E+01  -.400000E+01 -.892820E+01 0.100000E+01
 -.866000E+00 0.150000E+01 -.100000E+01  -.206600E+01 0.357850E+01 0.100000E+01
 -.866000E+00 -.150000E+01 -.100000E+01  -.206600E+01 -.357850E+01 0.100000E+01
 0.173210E+01 0.000000E+00 -.100000E+01  0.413210E+01 0.000000E+00 0.100000E+01
 -.173210E+01 0.100000E+01 0.100000E+01  -.213210E+01 0.169280E+01 0.100000E+01
 -.129900E+01 0.125000E+01 0.100000E+01  -.155470E+01 0.202620E+01 0.100000E+01
 -.866000E+00 0.150000E+01 0.100000E+01  -.126600E+01 0.219280E+01 0.100000E+01
 -.433000E+00 0.175000E+01 0.100000E+01  -.977400E+00 0.235950E+01 0.100000E+01
 0.000000E+00 0.200000E+01 0.100000E+01  -.400000E+00 0.269280E+01 0.100000E+01
 0.173210E+01 -.100000E+01 0.100000E+01  0.253210E+01 -.100000E+01 0.100000E+01
 0.173210E+01 -.500000E+00 0.100000E+01  0.253210E+01 -.333300E+00 0.100000E+01
 0.173210E+01 0.000000E+00 0.100000E+01  0.253210E+01 0.000000E+00 0.100000E+01
 0.173210E+01 0.500000E+00 0.100000E+01  0.253210E+01 0.333300E+00 0.100000E+01
 0.173210E+01 0.100000E+01 0.100000E+01  0.253210E+01 0.100000E+01 0.100000E+01
 -.173210E+01 -.100000E+01 0.100000E+01  -.213210E+01 -.169280E+01 0.100000E+01
 -.129900E+01 -.125000E+01 0.100000E+01  -.155470E+01 -.202620E+01 0.100000E+01
 -.866000E+00 -.150000E+01 0.100000E+01  -.126600E+01 -.219280E+01 0.100000E+01
 -.433000E+00 -.175000E+01 0.100000E+01  -.977400E+00 -.235950E+01 0.100000E+01
 0.000000E+00 -.200000E+01 0.100000E+01  -.400000E+00 -.269280E+01 0.100000E+01
 0.183210E+01 0.100000E+00 -.100000E+01  0.193670E+01 0.309300E+00 -.106040E+01
 0.193670E+01 0.309300E+00 -.106040E+01  0.204130E+01 0.518600E+00 -.112080E+01
 0.204130E+01 0.518600E+00 -.112080E+01  0.225060E+01 0.937200E+00 -.124170E+01
 0.225060E+01 0.937200E+00 -.124170E+01  0.245990E+01 0.135570E+01 -.136250E+01
 0.245990E+01 0.135570E+01 -.136250E+01  0.266920E+01 0.177430E+01 -.148330E+01
 0.266920E+01 0.177430E+01 -.148330E+01  0.287850E+01 0.219290E+01 -.160420E+01
 0.287850E+01 0.219290E+01 -.160420E+01  0.308780E+01 0.261150E+01 -.172500E+01
 0.173210E+01 0.000000E+00 -.100000E+01  0.183210E+01 0.100000E+00 -.100000E+01
 0.183210E+01 -.100000E+00 -.100000E+01  0.193670E+01 -.309300E+00 -.106040E+01
 0.193670E+01 -.309300E+00 -.106040E+01  0.204130E+01 -.518600E+00 -.112080E+01
 0.204130E+01 -.518600E+00 -.112080E+01  0.225060E+01 -.937200E+00 -.124170E+01
 0.225060E+01 -.937200E+00 -.124170E+01  0.245990E+01 -.135570E+01 -.136250E+01
 0.245990E+01 -.135570E+01 -.136250E+01  0.266920E+01 -.177430E+01 -.148330E+01
 0.266920E+01 -.177430E+01 -.148330E+01  0.287850E+01 -.219290E+01 -.160420E+01
 0.287850E+01 -.219290E+01 -.160420E+01  0.308780E+01 -.261150E+01 -.172500E+01
 0.173210E+01 0.000000E+00 -.100000E+01  0.183210E+01 -.100000E+00 -.100000E+01
