   795
 0.100000E+01 0.000000E+00 -.100000E+01  0.939700E+00 0.342000E+00 -.100000E+01
 0.939700E+00 0.342000E+00 -.100000E+01  0.766000E+00 0.642800E+00 -.100000E+01
 0.766000E+00 0.642800E+00 -.100000E+01  0.500000E+00 0.866000E+00 -.100000E+01
 0.500000E+00 0.866000E+00 -.100000E+01  0.173600E+00 0.984800E+00 -.100000E+01
 0.173600E+00 0.984800E+00 -.100000E+01  -.173600E+00 0.984800E+00 -.100000E+01
 -.173600E+00 0.984800E+00 -.100000E+01  -.500000E+00 0.866000E+00 -.100000E+01
 -.500000E+00 0.866000E+00 -.100000E+01  -.766000E+00 0.642800E+00 -.100000E+01
 -.766000E+00 0.642800E+00 -.100000E+01  -.939700E+00 0.342000E+00 -.100000E+01
 -.939700E+00 0.342000E+00 -.100000E+01  -.100000E+01 0.000000E+00 -.100000E+01
 -.100000E+01 0.000000E+00 -.100000E+01  -.939700E+00 -.342000E+00 -.100000E+01
 -.939700E+00 -.342000E+00 -.100000E+01  -.766000E+00 -.642800E+00 -.100000E+01
 -.766000E+00 -.642800E+00 -.100000E+01  -.500000E+00 -.866000E+00 -.100000E+01
 -.500000E+00 -.866000E+00 -.100000E+01  -.173600E+00 -.984800E+00 -.100000E+01
 -.173600E+00 -.984800E+00 -.100000E+01  0.173600E+00 -.984800E+00 -.100000E+01
 0.173600E+00 -.984800E+00 -.100000E+01  0.500000E+00 -.866000E+00 -.100000E+01
 0.500000E+00 -.866000E+00 -.100000E+01  0.766000E+00 -.642800E+00 -.100000E+01
 0.766000E+00 -.642800E+00 -.100000E+01  0.939700E+00 -.342000E+00 -.100000E+01
 0.939700E+00 -.342000E+00 -.100000E+01  0.100000E+01 0.000000E+00 -.100000E+01
 0.100000E+01 0.000000E+00 -.100000E+01  0.100000E+01 0.000000E+00 -.666700E+00
 0.939700E+00 0.342000E+00 -.100000E+01  0.939700E+00 0.342000E+00 -.666700E+00
 0.766000E+00 0.642800E+00 -.100000E+01  0.766000E+00 0.642800E+00 -.666700E+00
 0.500000E+00 0.866000E+00 -.100000E+01  0.500000E+00 0.866000E+00 -.666700E+00
 0.173600E+00 0.984800E+00 -.100000E+01  0.173600E+00 0.984800E+00 -.666700E+00
 -.173600E+00 0.984800E+00 -.100000E+01  -.173600E+00 0.984800E+00 -.666700E+00
 -.500000E+00 0.866000E+00 -.100000E+01  -.500000E+00 0.866000E+00 -.666700E+00
 -.766000E+00 0.642800E+00 -.100000E+01  -.766000E+00 0.642800E+00 -.666700E+00
 -.939700E+00 0.342000E+00 -.100000E+01  -.939700E+00 0.342000E+00 -.666700E+00
 -.100000E+01 0.000000E+00 -.100000E+01  -.100000E+01 0.000000E+00 -.666700E+00
 -.939700E+00 -.342000E+00 -.100000E+01  -.939700E+00 -.342000E+00 -.666700E+00
 -.766000E+00 -.642800E+00 -.100000E+01  -.766000E+00 -.642800E+00 -.666700E+00
 -.500000E+00 -.866000E+00 -.100000E+01  -.500000E+00 -.866000E+00 -.666700E+00
 -.173600E+00 -.984800E+00 -.100000E+01  -.173600E+00 -.984800E+00 -.666700E+00
 0.173600E+00 -.984800E+00 -.100000E+01  0.173600E+00 -.984800E+00 -.666700E+00
 0.500000E+00 -.866000E+00 -.100000E+01  0.500000E+00 -.866000E+00 -.666700E+00
 0.766000E+00 -.642800E+00 -.100000E+01  0.766000E+00 -.642800E+00 -.666700E+00
 0.939700E+00 -.342000E+00 -.100000E+01  0.939700E+00 -.342000E+00 -.666700E+00
 0.100000E+01 0.000000E+00 -.666700E+00  0.939700E+00 0.342000E+00 -.666700E+00
 0.939700E+00 0.342000E+00 -.666700E+00  0.766000E+00 0.642800E+00 -.666700E+00
 0.766000E+00 0.642800E+00 -.666700E+00  0.500000E+00 0.866000E+00 -.666700E+00
 0.500000E+00 0.866000E+00 -.666700E+00  0.173600E+00 0.984800E+00 -.666700E+00
 0.173600E+00 0.984800E+00 -.666700E+00  -.173600E+00 0.984800E+00 -.666700E+00
 -.173600E+00 0.984800E+00 -.666700E+00  -.500000E+00 0.866000E+00 -.666700E+00
 -.500000E+00 0.866000E+00 -.666700E+00  -.766000E+00 0.642800E+00 -.666700E+00
 -.766000E+00 0.642800E+00 -.666700E+00  -.939700E+00 0.342000E+00 -.666700E+00
 -.939700E+00 0.342000E+00 -.666700E+00  -.100000E+01 0.000000E+00 -.666700E+00
 -.100000E+01 0.000000E+00 -.666700E+00  -.939700E+00 -.342000E+00 -.666700E+00
 -.939700E+00 -.342000E+00 -.666700E+00  -.766000E+00 -.642800E+00 -.666700E+00
 -.766000E+00 -.642800E+00 -.666700E+00  -.500000E+00 -.866000E+00 -.666700E+00
 -.500000E+00 -.866000E+00 -.666700E+00  -.173600E+00 -.984800E+00 -.666700E+00
 -.173600E+00 -.984800E+00 -.666700E+00  0.173600E+00 -.984800E+00 -.666700E+00
 0.173600E+00 -.984800E+00 -.666700E+00  0.500000E+00 -.866000E+00 -.666700E+00
 0.500000E+00 -.866000E+00 -.666700E+00  0.766000E+00 -.642800E+00 -.666700E+00
 0.766000E+00 -.642800E+00 -.666700E+00  0.939700E+00 -.342000E+00 -.666700E+00
 0.939700E+00 -.342000E+00 -.666700E+00  0.100000E+01 0.000000E+00 -.666700E+00
 0.100000E+01 0.000000E+00 -.666700E+00  0.100000E+01 0.000000E+00 -.333300E+00
 0.939700E+00 0.342000E+00 -.666700E+00  0.939700E+00 0.342000E+00 -.333300E+00
 0.766000E+00 0.642800E+00 -.666700E+00  0.766000E+00 0.642800E+00 -.333300E+00
 0.500000E+00 0.866000E+00 -.666700E+00  0.500000E+00 0.866000E+00 -.333300E+00
 0.173600E+00 0.984800E+00 -.666700E+00  0.173600E+00 0.984800E+00 -.333300E+00
 -.173600E+00 0.984800E+00 -.666700E+00  -.173600E+00 0.984800E+00 -.333300E+00
 -.500000E+00 0.866000E+00 -.666700E+00  -.500000E+00 0.866000E+00 -.333300E+00
 -.766000E+00 0.642800E+00 -.666700E+00  -.766000E+00 0.642800E+00 -.333300E+00
 -.939700E+00 0.342000E+00 -.666700E+00  -.939700E+00 0.342000E+00 -.333300E+00
 -.100000E+01 0.000000E+00 -.666700E+00  -.100000E+01 0.000000E+00 -.333300E+00
 -.939700E+00 -.342000E+00 -.666700E+00  -.939700E+00 -.342000E+00 -.333300E+00
 -.766000E+00 -.642800E+00 -.666700E+00  -.766000E+00 -.642800E+00 -.333300E+00
 -.500000E+00 -.866000E+00 -.666700E+00  -.500000E+00 -.866000E+00 -.333300E+00
 -.173600E+00 -.984800E+00 -.666700E+00  -.173600E+00 -.984800E+00 -.333300E+00
 0.173600E+00 -.984800E+00 -.666700E+00  0.173600E+00 -.984800E+00 -.333300E+00
 0.500000E+00 -.866000E+00 -.666700E+00  0.500000E+00 -.866000E+00 -.333300E+00
 0.766000E+00 -.642800E+00 -.666700E+00  0.766000E+00 -.642800E+00 -.333300E+00
 0.939700E+00 -.342000E+00 -.666700E+00  0.939700E+00 -.342000E+00 -.333300E+00
 0.100000E+01 0.000000E+00 -.333300E+00  0.939700E+00 0.342000E+00 -.333300E+00
 0.939700E+00 0.342000E+00 -.333300E+00  0.766000E+00 0.642800E+00 -.333300E+00
 0.766000E+00 0.642800E+00 -.333300E+00  0.500000E+00 0.866000E+00 -.333300E+00
 0.500000E+00 0.866000E+00 -.333300E+00  0.173600E+00 0.984800E+00 -.333300E+00
 0.173600E+00 0.984800E+00 -.333300E+00  -.173600E+00 0.984800E+00 -.333300E+00
 -.173600E+00 0.984800E+00 -.333300E+00  -.500000E+00 0.866000E+00 -.333300E+00
 -.500000E+00 0.866000E+00 -.333300E+00  -.766000E+00 0.642800E+00 -.333300E+00
 -.766000E+00 0.642800E+00 -.333300E+00  -.939700E+00 0.342000E+00 -.333300E+00
 -.939700E+00 0.342000E+00 -.333300E+00  -.100000E+01 0.000000E+00 -.333300E+00
 -.100000E+01 0.000000E+00 -.333300E+00  -.939700E+00 -.342000E+00 -.333300E+00
 -.939700E+00 -.342000E+00 -.333300E+00  -.766000E+00 -.642800E+00 -.333300E+00
 -.766000E+00 -.642800E+00 -.333300E+00  -.500000E+00 -.866000E+00 -.333300E+00
 -.500000E+00 -.866000E+00 -.333300E+00  -.173600E+00 -.984800E+00 -.333300E+00
 -.173600E+00 -.984800E+00 -.333300E+00  0.173600E+00 -.984800E+00 -.333300E+00
 0.173600E+00 -.984800E+00 -.333300E+00  0.500000E+00 -.866000E+00 -.333300E+00
 0.500000E+00 -.866000E+00 -.333300E+00  0.766000E+00 -.642800E+00 -.333300E+00
 0.766000E+00 -.642800E+00 -.333300E+00  0.939700E+00 -.342000E+00 -.333300E+00
 0.939700E+00 -.342000E+00 -.333300E+00  0.100000E+01 0.000000E+00 -.333300E+00
 0.100000E+01 0.000000E+00 -.333300E+00  0.100000E+01 0.000000E+00 0.000000E+00
 0.939700E+00 0.342000E+00 -.333300E+00  0.939700E+00 0.342000E+00 0.000000E+00
 0.766000E+00 0.642800E+00 -.333300E+00  0.766000E+00 0.642800E+00 0.000000E+00
 0.500000E+00 0.866000E+00 -.333300E+00  0.500000E+00 0.866000E+00 0.000000E+00
 0.173600E+00 0.984800E+00 -.333300E+00  0.173600E+00 0.984800E+00 0.000000E+00
 -.173600E+00 0.984800E+00 -.333300E+00  -.173600E+00 0.984800E+00 0.000000E+00
 -.500000E+00 0.866000E+00 -.333300E+00  -.500000E+00 0.866000E+00 0.000000E+00
 -.766000E+00 0.642800E+00 -.333300E+00  -.766000E+00 0.642800E+00 0.000000E+00
 -.939700E+00 0.342000E+00 -.333300E+00  -.939700E+00 0.342000E+00 0.000000E+00
 -.100000E+01 0.000000E+00 -.333300E+00  -.100000E+01 0.000000E+00 0.000000E+00
 -.939700E+00 -.342000E+00 -.333300E+00  -.939700E+00 -.342000E+00 0.000000E+00
 -.766000E+00 -.642800E+00 -.333300E+00  -.766000E+00 -.642800E+00 0.000000E+00
 -.500000E+00 -.866000E+00 -.333300E+00  -.500000E+00 -.866000E+00 0.000000E+00
 -.173600E+00 -.984800E+00 -.333300E+00  -.173600E+00 -.984800E+00 0.000000E+00
 0.173600E+00 -.984800E+00 -.333300E+00  0.173600E+00 -.984800E+00 0.000000E+00
 0.500000E+00 -.866000E+00 -.333300E+00  0.500000E+00 -.866000E+00 0.000000E+00
 0.766000E+00 -.642800E+00 -.333300E+00  0.766000E+00 -.642800E+00 0.000000E+00
 0.939700E+00 -.342000E+00 -.333300E+00  0.939700E+00 -.342000E+00 0.000000E+00
 0.100000E+01 0.000000E+00 0.000000E+00  0.939700E+00 0.342000E+00 0.000000E+00
 0.939700E+00 0.342000E+00 0.000000E+00  0.766000E+00 0.642800E+00 0.000000E+00
 0.766000E+00 0.642800E+00 0.000000E+00  0.500000E+00 0.866000E+00 0.000000E+00
 0.500000E+00 0.866000E+00 0.000000E+00  0.173600E+00 0.984800E+00 0.000000E+00
 0.173600E+00 0.984800E+00 0.000000E+00  -.173600E+00 0.984800E+00 0.000000E+00
 -.173600E+00 0.984800E+00 0.000000E+00  -.500000E+00 0.866000E+00 0.000000E+00
 -.500000E+00 0.866000E+00 0.000000E+00  -.766000E+00 0.642800E+00 0.000000E+00
 -.766000E+00 0.642800E+00 0.000000E+00  -.939700E+00 0.342000E+00 0.000000E+00
 -.939700E+00 0.342000E+00 0.000000E+00  -.100000E+01 0.000000E+00 0.000000E+00
 -.100000E+01 0.000000E+00 0.000000E+00  -.939700E+00 -.342000E+00 0.000000E+00
 -.939700E+00 -.342000E+00 0.000000E+00  -.766000E+00 -.642800E+00 0.000000E+00
 -.766000E+00 -.642800E+00 0.000000E+00  -.500000E+00 -.866000E+00 0.000000E+00
 -.500000E+00 -.866000E+00 0.000000E+00  -.173600E+00 -.984800E+00 0.000000E+00
 -.173600E+00 -.984800E+00 0.000000E+00  0.173600E+00 -.984800E+00 0.000000E+00
 0.173600E+00 -.984800E+00 0.000000E+00  0.500000E+00 -.866000E+00 0.000000E+00
 0.500000E+00 -.866000E+00 0.000000E+00  0.766000E+00 -.642800E+00 0.000000E+00
 0.766000E+00 -.642800E+00 0.000000E+00  0.939700E+00 -.342000E+00 0.000000E+00
 0.939700E+00 -.342000E+00 0.000000E+00  0.100000E+01 0.000000E+00 0.000000E+00
 0.100000E+01 0.000000E+00 0.000000E+00  0.100000E+01 0.000000E+00 0.333300E+00
 0.939700E+00 0.342000E+00 0.000000E+00  0.939700E+00 0.342000E+00 0.333300E+00
 0.766000E+00 0.642800E+00 0.000000E+00  0.766000E+00 0.642800E+00 0.333300E+00
 0.500000E+00 0.866000E+00 0.000000E+00  0.500000E+00 0.866000E+00 0.333300E+00
 0.173600E+00 0.984800E+00 0.000000E+00  0.173600E+00 0.984800E+00 0.333300E+00
 -.173600E+00 0.984800E+00 0.000000E+00  -.173600E+00 0.984800E+00 0.333300E+00
 -.500000E+00 0.866000E+00 0.000000E+00  -.500000E+00 0.866000E+00 0.333300E+00
 -.766000E+00 0.642800E+00 0.000000E+00  -.766000E+00 0.642800E+00 0.333300E+00
 -.939700E+00 0.342000E+00 0.000000E+00  -.939700E+00 0.342000E+00 0.333300E+00
 -.100000E+01 0.000000E+00 0.000000E+00  -.100000E+01 0.000000E+00 0.333300E+00
 -.939700E+00 -.342000E+00 0.000000E+00  -.939700E+00 -.342000E+00 0.333300E+00
 -.766000E+00 -.642800E+00 0.000000E+00  -.766000E+00 -.642800E+00 0.333300E+00
 -.500000E+00 -.866000E+00 0.000000E+00  -.500000E+00 -.866000E+00 0.333300E+00
 -.173600E+00 -.984800E+00 0.000000E+00  -.173600E+00 -.984800E+00 0.333300E+00
 0.173600E+00 -.984800E+00 0.000000E+00  0.173600E+00 -.984800E+00 0.333300E+00
 0.500000E+00 -.866000E+00 0.000000E+00  0.500000E+00 -.866000E+00 0.333300E+00
 0.766000E+00 -.642800E+00 0.000000E+00  0.766000E+00 -.642800E+00 0.333300E+00
 0.939700E+00 -.342000E+00 0.000000E+00  0.939700E+00 -.342000E+00 0.333300E+00
 0.100000E+01 0.000000E+00 0.333300E+00  0.939700E+00 0.342000E+00 0.333300E+00
 0.939700E+00 0.342000E+00 0.333300E+00  0.766000E+00 0.642800E+00 0.333300E+00
 0.766000E+00 0.642800E+00 0.333300E+00  0.500000E+00 0.866000E+00 0.333300E+00
 0.500000E+00 0.866000E+00 0.333300E+00  0.173600E+00 0.984800E+00 0.333300E+00
 0.173600E+00 0.984800E+00 0.333300E+00  -.173600E+00 0.984800E+00 0.333300E+00
 -.173600E+00 0.984800E+00 0.333300E+00  -.500000E+00 0.866000E+00 0.333300E+00
 -.500000E+00 0.866000E+00 0.333300E+00  -.766000E+00 0.642800E+00 0.333300E+00
 -.766000E+00 0.642800E+00 0.333300E+00  -.939700E+00 0.342000E+00 0.333300E+00
 -.939700E+00 0.342000E+00 0.333300E+00  -.100000E+01 0.000000E+00 0.333300E+00
 -.100000E+01 0.000000E+00 0.333300E+00  -.939700E+00 -.342000E+00 0.333300E+00
 -.939700E+00 -.342000E+00 0.333300E+00  -.766000E+00 -.642800E+00 0.333300E+00
 -.766000E+00 -.642800E+00 0.333300E+00  -.500000E+00 -.866000E+00 0.333300E+00
 -.500000E+00 -.866000E+00 0.333300E+00  -.173600E+00 -.984800E+00 0.333300E+00
 -.173600E+00 -.984800E+00 0.333300E+00  0.173600E+00 -.984800E+00 0.333300E+00
 0.173600E+00 -.984800E+00 0.333300E+00  0.500000E+00 -.866000E+00 0.333300E+00
 0.500000E+00 -.866000E+00 0.333300E+00  0.766000E+00 -.642800E+00 0.333300E+00
 0.766000E+00 -.642800E+00 0.333300E+00  0.939700E+00 -.342000E+00 0.333300E+00
 0.939700E+00 -.342000E+00 0.333300E+00  0.100000E+01 0.000000E+00 0.333300E+00
 0.100000E+01 0.000000E+00 0.333300E+00  0.100000E+01 0.000000E+00 0.666700E+00
 0.939700E+00 0.342000E+00 0.333300E+00  0.939700E+00 0.342000E+00 0.666700E+00
 0.766000E+00 0.642800E+00 0.333300E+00  0.766000E+00 0.642800E+00 0.666700E+00
 0.500000E+00 0.866000E+00 0.333300E+00  0.500000E+00 0.866000E+00 0.666700E+00
 0.173600E+00 0.984800E+00 0.333300E+00  0.173600E+00 0.984800E+00 0.666700E+00
 -.173600E+00 0.984800E+00 0.333300E+00  -.173600E+00 0.984800E+00 0.666700E+00
 -.500000E+00 0.866000E+00 0.333300E+00  -.500000E+00 0.866000E+00 0.666700E+00
 -.766000E+00 0.642800E+00 0.333300E+00  -.766000E+00 0.642800E+00 0.666700E+00
 -.939700E+00 0.342000E+00 0.333300E+00  -.939700E+00 0.342000E+00 0.666700E+00
 -.100000E+01 0.000000E+00 0.333300E+00  -.100000E+01 0.000000E+00 0.666700E+00
 -.939700E+00 -.342000E+00 0.333300E+00  -.939700E+00 -.342000E+00 0.666700E+00
 -.766000E+00 -.642800E+00 0.333300E+00  -.766000E+00 -.642800E+00 0.666700E+00
 -.500000E+00 -.866000E+00 0.333300E+00  -.500000E+00 -.866000E+00 0.666700E+00
 -.173600E+00 -.984800E+00 0.333300E+00  -.173600E+00 -.984800E+00 0.666700E+00
 0.173600E+00 -.984800E+00 0.333300E+00  0.173600E+00 -.984800E+00 0.666700E+00
 0.500000E+00 -.866000E+00 0.333300E+00  0.500000E+00 -.866000E+00 0.666700E+00
 0.766000E+00 -.642800E+00 0.333300E+00  0.766000E+00 -.642800E+00 0.666700E+00
 0.939700E+00 -.342000E+00 0.333300E+00  0.939700E+00 -.342000E+00 0.666700E+00
 0.100000E+01 0.000000E+00 0.666700E+00  0.939700E+00 0.342000E+00 0.666700E+00
 0.939700E+00 0.342000E+00 0.666700E+00  0.766000E+00 0.642800E+00 0.666700E+00
 0.766000E+00 0.642800E+00 0.666700E+00  0.500000E+00 0.866000E+00 0.666700E+00
 0.500000E+00 0.866000E+00 0.666700E+00  0.173600E+00 0.984800E+00 0.666700E+00
 0.173600E+00 0.984800E+00 0.666700E+00  -.173600E+00 0.984800E+00 0.666700E+00
 -.173600E+00 0.984800E+00 0.666700E+00  -.500000E+00 0.866000E+00 0.666700E+00
 -.500000E+00 0.866000E+00 0.666700E+00  -.766000E+00 0.642800E+00 0.666700E+00
 -.766000E+00 0.642800E+00 0.666700E+00  -.939700E+00 0.342000E+00 0.666700E+00
 -.939700E+00 0.342000E+00 0.666700E+00  -.100000E+01 0.000000E+00 0.666700E+00
 -.100000E+01 0.000000E+00 0.666700E+00  -.939700E+00 -.342000E+00 0.666700E+00
 -.939700E+00 -.342000E+00 0.666700E+00  -.766000E+00 -.642800E+00 0.666700E+00
 -.766000E+00 -.642800E+00 0.666700E+00  -.500000E+00 -.866000E+00 0.666700E+00
 -.500000E+00 -.866000E+00 0.666700E+00  -.173600E+00 -.984800E+00 0.666700E+00
 -.173600E+00 -.984800E+00 0.666700E+00  0.173600E+00 -.984800E+00 0.666700E+00
 0.173600E+00 -.984800E+00 0.666700E+00  0.500000E+00 -.866000E+00 0.666700E+00
 0.500000E+00 -.866000E+00 0.666700E+00  0.766000E+00 -.642800E+00 0.666700E+00
 0.766000E+00 -.642800E+00 0.666700E+00  0.939700E+00 -.342000E+00 0.666700E+00
 0.939700E+00 -.342000E+00 0.666700E+00  0.100000E+01 0.000000E+00 0.666700E+00
 0.100000E+01 0.000000E+00 0.666700E+00  0.100000E+01 0.000000E+00 0.100000E+01
 0.939700E+00 0.342000E+00 0.666700E+00  0.939700E+00 0.342000E+00 0.100000E+01
 0.766000E+00 0.642800E+00 0.666700E+00  0.766000E+00 0.642800E+00 0.100000E+01
 0.500000E+00 0.866000E+00 0.666700E+00  0.500000E+00 0.866000E+00 0.100000E+01
 0.173600E+00 0.984800E+00 0.666700E+00  0.173600E+00 0.984800E+00 0.100000E+01
 -.173600E+00 0.984800E+00 0.666700E+00  -.173600E+00 0.984800E+00 0.100000E+01
 -.500000E+00 0.866000E+00 0.666700E+00  -.500000E+00 0.866000E+00 0.100000E+01
 -.766000E+00 0.642800E+00 0.666700E+00  -.766000E+00 0.642800E+00 0.100000E+01
 -.939700E+00 0.342000E+00 0.666700E+00  -.939700E+00 0.342000E+00 0.100000E+01
 -.100000E+01 0.000000E+00 0.666700E+00  -.100000E+01 0.000000E+00 0.100000E+01
 -.939700E+00 -.342000E+00 0.666700E+00  -.939700E+00 -.342000E+00 0.100000E+01
 -.766000E+00 -.642800E+00 0.666700E+00  -.766000E+00 -.642800E+00 0.100000E+01
 -.500000E+00 -.866000E+00 0.666700E+00  -.500000E+00 -.866000E+00 0.100000E+01
 -.173600E+00 -.984800E+00 0.666700E+00  -.173600E+00 -.984800E+00 0.100000E+01
 0.173600E+00 -.984800E+00 0.666700E+00  0.173600E+00 -.984800E+00 0.100000E+01
 0.500000E+00 -.866000E+00 0.666700E+00  0.500000E+00 -.866000E+00 0.100000E+01
 0.766000E+00 -.642800E+00 0.666700E+00  0.766000E+00 -.642800E+00 0.100000E+01
 0.939700E+00 -.342000E+00 0.666700E+00  0.939700E+00 -.342000E+00 0.100000E+01
 0.100000E+01 0.000000E+00 0.100000E+01  0.939700E+00 0.342000E+00 0.100000E+01
 0.939700E+00 0.342000E+00 0.100000E+01  0.766000E+00 0.642800E+00 0.100000E+01
 0.766000E+00 0.642800E+00 0.100000E+01  0.500000E+00 0.866000E+00 0.100000E+01
 0.500000E+00 0.866000E+00 0.100000E+01  0.173600E+00 0.984800E+00 0.100000E+01
 0.173600E+00 0.984800E+00 0.100000E+01  -.173600E+00 0.984800E+00 0.100000E+01
 -.173600E+00 0.984800E+00 0.100000E+01  -.500000E+00 0.866000E+00 0.100000E+01
 -.500000E+00 0.866000E+00 0.100000E+01  -.766000E+00 0.642800E+00 0.100000E+01
 -.766000E+00 0.642800E+00 0.100000E+01  -.939700E+00 0.342000E+00 0.100000E+01
 -.939700E+00 0.342000E+00 0.100000E+01  -.100000E+01 0.000000E+00 0.100000E+01
 -.100000E+01 0.000000E+00 0.100000E+01  -.939700E+00 -.342000E+00 0.100000E+01
 -.939700E+00 -.342000E+00 0.100000E+01  -.766000E+00 -.642800E+00 0.100000E+01
 -.766000E+00 -.642800E+00 0.100000E+01  -.500000E+00 -.866000E+00 0.100000E+01
 -.500000E+00 -.866000E+00 0.100000E+01  -.173600E+00 -.984800E+00 0.100000E+01
 -.173600E+00 -.984800E+00 0.100000E+01  0.173600E+00 -.984800E+00 0.100000E+01
 0.173600E+00 -.984800E+00 0.100000E+01  0.500000E+00 -.866000E+00 0.100000E+01
 0.500000E+00 -.866000E+00 0.100000E+01  0.766000E+00 -.642800E+00 0.100000E+01
 0.766000E+00 -.642800E+00 0.100000E+01  0.939700E+00 -.342000E+00 0.100000E+01
 0.939700E+00 -.342000E+00 0.100000E+01  0.100000E+01 0.000000E+00 0.100000E+01
 0.100000E+01 0.000000E+00 -.100000E+01  0.666700E+00 0.000000E+00 -.100000E+01
 0.939700E+00 0.342000E+00 -.100000E+01  0.626500E+00 0.228000E+00 -.100000E+01
 0.766000E+00 0.642800E+00 -.100000E+01  0.510700E+00 0.428500E+00 -.100000E+01
 0.500000E+00 0.866000E+00 -.100000E+01  0.333300E+00 0.577400E+00 -.100000E+01
 0.173600E+00 0.984800E+00 -.100000E+01  0.115800E+00 0.656500E+00 -.100000E+01
 -.173600E+00 0.984800E+00 -.100000E+01  -.115800E+00 0.656500E+00 -.100000E+01
 -.500000E+00 0.866000E+00 -.100000E+01  -.333300E+00 0.577400E+00 -.100000E+01
 -.766000E+00 0.642800E+00 -.100000E+01  -.510700E+00 0.428500E+00 -.100000E+01
 -.939700E+00 0.342000E+00 -.100000E+01  -.626500E+00 0.228000E+00 -.100000E+01
 -.100000E+01 0.000000E+00 -.100000E+01  -.666700E+00 0.000000E+00 -.100000E+01
 -.939700E+00 -.342000E+00 -.100000E+01  -.626500E+00 -.228000E+00 -.100000E+01
 -.766000E+00 -.642800E+00 -.100000E+01  -.510700E+00 -.428500E+00 -.100000E+01
 -.500000E+00 -.866000E+00 -.100000E+01  -.333300E+00 -.577400E+00 -.100000E+01
 -.173600E+00 -.984800E+00 -.100000E+01  -.115800E+00 -.656500E+00 -.100000E+01
 0.173600E+00 -.984800E+00 -.100000E+01  0.115800E+00 -.656500E+00 -.100000E+01
 0.500000E+00 -.866000E+00 -.100000E+01  0.333300E+00 -.577400E+00 -.100000E+01
 0.766000E+00 -.642800E+00 -.100000E+01  0.510700E+00 -.428500E+00 -.100000E+01
 0.939700E+00 -.342000E+00 -.100000E+01  0.626500E+00 -.228000E+00 -.100000E+01
 0.666700E+00 0.000000E+00 -.100000E+01  0.626500E+00 0.228000E+00 -.100000E+01
 0.626500E+00 0.228000E+00 -.100000E+01  0.510700E+00 0.428500E+00 -.100000E+01
 0.510700E+00 0.428500E+00 -.100000E+01  0.333300E+00 0.577400E+00 -.100000E+01
 0.333300E+00 0.577400E+00 -.100000E+01  0.115800E+00 0.656500E+00 -.100000E+01
 0.115800E+00 0.656500E+00 -.100000E+01  -.115800E+00 0.656500E+00 -.100000E+01
 -.115800E+00 0.656500E+00 -.100000E+01  -.333300E+00 0.577400E+00 -.100000E+01
 -.333300E+00 0.577400E+00 -.100000E+01  -.510700E+00 0.428500E+00 -.100000E+01
 -.510700E+00 0.428500E+00 -.100000E+01  -.626500E+00 0.228000E+00 -.100000E+01
 -.626500E+00 0.228000E+00 -.100000E+01  -.666700E+00 0.000000E+00 -.100000E+01
 -.666700E+00 0.000000E+00 -.100000E+01  -.626500E+00 -.228000E+00 -.100000E+01
 -.626500E+00 -.228000E+00 -.100000E+01  -.510700E+00 -.428500E+00 -.100000E+01
 -.510700E+00 -.428500E+00 -.100000E+01  -.333300E+00 -.577400E+00 -.100000E+01
 -.333300E+00 -.577400E+00 -.100000E+01  -.115800E+00 -.656500E+00 -.100000E+01
 -.115800E+00 -.656500E+00 -.100000E+01  0.115800E+00 -.656500E+00 -.100000E+01
 0.115800E+00 -.656500E+00 -.100000E+01  0.333300E+00 -.577400E+00 -.100000E+01
 0.333300E+00 -.577400E+00 -.100000E+01  0.510700E+00 -.428500E+00 -.100000E+01
 0.510700E+00 -.428500E+00 -.100000E+01  0.626500E+00 -.228000E+00 -.100000E+01
 0.626500E+00 -.228000E+00 -.100000E+01  0.666700E+00 0.000000E+00 -.100000E+01
 0.666700E+00 0.000000E+00 -.100000E+01  0.333300E+00 0.000000E+00 -.100000E+01
 0.510700E+00 0.428500E+00 -.100000E+01  0.255300E+00 0.214300E+00 -.100000E+01
 0.115800E+00 0.656500E+00 -.100000E+01  0.579000E-01 0.328300E+00 -.100000E+01
 -.333300E+00 0.577400E+00 -.100000E+01  -.166700E+00 0.288700E+00 -.100000E+01
 -.626500E+00 0.228000E+00 -.100000E+01  -.313200E+00 0.114000E+00 -.100000E+01
 -.626500E+00 -.228000E+00 -.100000E+01  -.313200E+00 -.114000E+00 -.100000E+01
 -.333300E+00 -.577400E+00 -.100000E+01  -.166700E+00 -.288700E+00 -.100000E+01
 0.115800E+00 -.656500E+00 -.100000E+01  0.579000E-01 -.328300E+00 -.100000E+01
 0.510700E+00 -.428500E+00 -.100000E+01  0.255300E+00 -.214300E+00 -.100000E+01
 0.333300E+00 0.000000E+00 -.100000E+01  0.255300E+00 0.214300E+00 -.100000E+01
 0.255300E+00 0.214300E+00 -.100000E+01  0.579000E-01 0.328300E+00 -.100000E+01
 0.579000E-01 0.328300E+00 -.100000E+01  -.166700E+00 0.288700E+00 -.100000E+01
 -.166700E+00 0.288700E+00 -.100000E+01  -.313200E+00 0.114000E+00 -.100000E+01
 -.313200E+00 0.114000E+00 -.100000E+01  -.313200E+00 -.114000E+00 -.100000E+01
 -.313200E+00 -.114000E+00 -.100000E+01  -.166700E+00 -.288700E+00 -.100000E+01
 -.166700E+00 -.288700E+00 -.100000E+01  0.579000E-01 -.328300E+00 -.100000E+01
 0.579000E-01 -.328300E+00 -.100000E+01  0.255300E+00 -.214300E+00 -.100000E+01
 0.255300E+00 -.214300E+00 -.100000E+01  0.333300E+00 0.000000E+00 -.100000E+01
 0.333300E+00 0.000000E+00 -.100000E+01  0.000000E+00 0.000000E+00 -.100000E+01
 -.166700E+00 0.288700E+00 -.100000E+01  0.000000E+00 0.000000E+00 -.100000E+01
 -.166700E+00 -.288700E+00 -.100000E+01  0.000000E+00 0.000000E+00 -.100000E+01
 0.100000E+01 0.000000E+00 0.100000E+01  0.666700E+00 0.000000E+00 0.100000E+01
 0.939700E+00 0.342000E+00 0.100000E+01  0.626500E+00 0.228000E+00 0.100000E+01
 0.766000E+00 0.642800E+00 0.100000E+01  0.510700E+00 0.428500E+00 0.100000E+01
 0.500000E+00 0.866000E+00 0.100000E+01  0.333300E+00 0.577400E+00 0.100000E+01
 0.173600E+00 0.984800E+00 0.100000E+01  0.115800E+00 0.656500E+00 0.100000E+01
 -.173600E+00 0.984800E+00 0.100000E+01  -.115800E+00 0.656500E+00 0.100000E+01
 -.500000E+00 0.866000E+00 0.100000E+01  -.333300E+00 0.577400E+00 0.100000E+01
 -.766000E+00 0.642800E+00 0.100000E+01  -.510700E+00 0.428500E+00 0.100000E+01
 -.939700E+00 0.342000E+00 0.100000E+01  -.626500E+00 0.228000E+00 0.100000E+01
 -.100000E+01 0.000000E+00 0.100000E+01  -.666700E+00 0.000000E+00 0.100000E+01
 -.939700E+00 -.342000E+00 0.100000E+01  -.626500E+00 -.228000E+00 0.100000E+01
 -.766000E+00 -.642800E+00 0.100000E+01  -.510700E+00 -.428500E+00 0.100000E+01
 -.500000E+00 -.866000E+00 0.100000E+01  -.333300E+00 -.577400E+00 0.100000E+01
 -.173600E+00 -.984800E+00 0.100000E+01  -.115800E+00 -.656500E+00 0.100000E+01
 0.173600E+00 -.984800E+00 0.100000E+01  0.115800E+00 -.656500E+00 0.100000E+01
 0.500000E+00 -.866000E+00 0.100000E+01  0.333300E+00 -.577400E+00 0.100000E+01
 0.766000E+00 -.642800E+00 0.100000E+01  0.510700E+00 -.428500E+00 0.100000E+01
 0.939700E+00 -.342000E+00 0.100000E+01  0.626500E+00 -.228000E+00 0.100000E+01
 0.666700E+00 0.000000E+00 0.100000E+01  0.626500E+00 0.228000E+00 0.100000E+01
 0.626500E+00 0.228000E+00 0.100000E+01  0.510700E+00 0.428500E+00 0.100000E+01
 0.510700E+00 0.428500E+00 0.100000E+01  0.333300E+00 0.577400E+00 0.100000E+01
 0.333300E+00 0.577400E+00 0.100000E+01  0.115800E+00 0.656500E+00 0.100000E+01
 0.115800E+00 0.656500E+00 0.100000E+01  -.115800E+00 0.656500E+00 0.100000E+01
 -.115800E+00 0.656500E+00 0.100000E+01  -.333300E+00 0.577400E+00 0.100000E+01
 -.333300E+00 0.577400E+00 0.100000E+01  -.510700E+00 0.428500E+00 0.100000E+01
 -.510700E+00 0.428500E+00 0.100000E+01  -.626500E+00 0.228000E+00 0.100000E+01
 -.626500E+00 0.228000E+00 0.100000E+01  -.666700E+00 0.000000E+00 0.100000E+01
 -.666700E+00 0.000000E+00 0.100000E+01  -.626500E+00 -.228000E+00 0.100000E+01
 -.626500E+00 -.228000E+00 0.100000E+01  -.510700E+00 -.428500E+00 0.100000E+01
 -.510700E+00 -.428500E+00 0.100000E+01  -.333300E+00 -.577400E+00 0.100000E+01
 -.333300E+00 -.577400E+00 0.100000E+01  -.115800E+00 -.656500E+00 0.100000E+01
 -.115800E+00 -.656500E+00 0.100000E+01  0.115800E+00 -.656500E+00 0.100000E+01
 0.115800E+00 -.656500E+00 0.100000E+01  0.333300E+00 -.577400E+00 0.100000E+01
 0.333300E+00 -.577400E+00 0.100000E+01  0.510700E+00 -.428500E+00 0.100000E+01
 0.510700E+00 -.428500E+00 0.100000E+01  0.626500E+00 -.228000E+00 0.100000E+01
 0.626500E+00 -.228000E+00 0.100000E+01  0.666700E+00 0.000000E+00 0.100000E+01
 0.666700E+00 0.000000E+00 0.100000E+01  0.333300E+00 0.000000E+00 0.100000E+01
 0.510700E+00 0.428500E+00 0.100000E+01  0.255300E+00 0.214300E+00 0.100000E+01
 0.115800E+00 0.656500E+00 0.100000E+01  0.579000E-01 0.328300E+00 0.100000E+01
 -.333300E+00 0.577400E+00 0.100000E+01  -.166700E+00 0.288700E+00 0.100000E+01
 -.626500E+00 0.228000E+00 0.100000E+01  -.313200E+00 0.114000E+00 0.100000E+01
 -.626500E+00 -.228000E+00 0.100000E+01  -.313200E+00 -.114000E+00 0.100000E+01
 -.333300E+00 -.577400E+00 0.100000E+01  -.166700E+00 -.288700E+00 0.100000E+01
 0.115800E+00 -.656500E+00 0.100000E+01  0.579000E-01 -.328300E+00 0.100000E+01
 0.510700E+00 -.428500E+00 0.100000E+01  0.255300E+00 -.214300E+00 0.100000E+01
 0.333300E+00 0.000000E+00 0.100000E+01  0.255300E+00 0.214300E+00 0.100000E+01
 0.255300E+00 0.214300E+00 0.100000E+01  0.579000E-01 0.328300E+00 0.100000E+01
 0.579000E-01 0.328300E+00 0.100000E+01  -.166700E+00 0.288700E+00 0.100000E+01
 -.166700E+00 0.288700E+00 0.100000E+01  -.313200E+00 0.114000E+00 0.100000E+01
 -.313200E+00 0.114000E+00 0.100000E+01  -.313200E+00 -.114000E+00 0.100000E+01
 -.313200E+00 -.114000E+00 0.100000E+01  -.166700E+00 -.288700E+00 0.100000E+01
 -.166700E+00 -.288700E+00 0.100000E+01  0.579000E-01 -.328300E+00 0.100000E+01
 0.579000E-01 -.328300E+00 0.100000E+01  0.255300E+00 -.214300E+00 0.100000E+01
 0.255300E+00 -.214300E+00 0.100000E+01  0.333300E+00 0.000000E+00 0.100000E+01
 0.333300E+00 0.000000E+00 0.100000E+01  0.000000E+00 0.000000E+00 0.100000E+01
 -.166700E+00 0.288700E+00 0.100000E+01  0.000000E+00 0.000000E+00 0.100000E+01
 -.166700E+00 -.288700E+00 0.100000E+01  0.000000E+00 0.000000E+00 0.100000E+01
 0.100000E+01 -.100000E+01 0.100000E+01  0.175000E+01 -.100000E+01 0.100000E+01
 0.175000E+01 -.100000E+01 0.100000E+01  0.250000E+01 -.100000E+01 0.100000E+01
 0.250000E+01 -.100000E+01 0.100000E+01  0.325000E+01 -.100000E+01 0.100000E+01
 0.325000E+01 -.100000E+01 0.100000E+01  0.400000E+01 -.100000E+01 0.100000E+01
 0.400000E+01 -.100000E+01 0.100000E+01  0.475000E+01 -.100000E+01 0.100000E+01
 0.475000E+01 -.100000E+01 0.100000E+01  0.550000E+01 -.100000E+01 0.100000E+01
 0.550000E+01 -.100000E+01 0.100000E+01  0.625000E+01 -.100000E+01 0.100000E+01
 0.625000E+01 -.100000E+01 0.100000E+01  0.700000E+01 -.100000E+01 0.100000E+01
 0.700000E+01 -.100000E+01 0.100000E+01  0.775000E+01 -.100000E+01 0.100000E+01
 0.775000E+01 -.100000E+01 0.100000E+01  0.850000E+01 -.100000E+01 0.100000E+01
 0.100000E+01 -.666700E+00 0.100000E+01  0.175000E+01 -.666700E+00 0.100000E+01
 0.175000E+01 -.666700E+00 0.100000E+01  0.250000E+01 -.666700E+00 0.100000E+01
 0.250000E+01 -.666700E+00 0.100000E+01  0.325000E+01 -.666700E+00 0.100000E+01
 0.325000E+01 -.666700E+00 0.100000E+01  0.400000E+01 -.666700E+00 0.100000E+01
 0.400000E+01 -.666700E+00 0.100000E+01  0.475000E+01 -.666700E+00 0.100000E+01
 0.475000E+01 -.666700E+00 0.100000E+01  0.550000E+01 -.666700E+00 0.100000E+01
 0.550000E+01 -.666700E+00 0.100000E+01  0.625000E+01 -.666700E+00 0.100000E+01
 0.625000E+01 -.666700E+00 0.100000E+01  0.700000E+01 -.666700E+00 0.100000E+01
 0.700000E+01 -.666700E+00 0.100000E+01  0.775000E+01 -.666700E+00 0.100000E+01
 0.775000E+01 -.666700E+00 0.100000E+01  0.850000E+01 -.666700E+00 0.100000E+01
 0.100000E+01 -.333300E+00 0.100000E+01  0.175000E+01 -.333300E+00 0.100000E+01
 0.175000E+01 -.333300E+00 0.100000E+01  0.250000E+01 -.333300E+00 0.100000E+01
 0.250000E+01 -.333300E+00 0.100000E+01  0.325000E+01 -.333300E+00 0.100000E+01
 0.325000E+01 -.333300E+00 0.100000E+01  0.400000E+01 -.333300E+00 0.100000E+01
 0.400000E+01 -.333300E+00 0.100000E+01  0.475000E+01 -.333300E+00 0.100000E+01
 0.475000E+01 -.333300E+00 0.100000E+01  0.550000E+01 -.333300E+00 0.100000E+01
 0.550000E+01 -.333300E+00 0.100000E+01  0.625000E+01 -.333300E+00 0.100000E+01
 0.625000E+01 -.333300E+00 0.100000E+01  0.700000E+01 -.333300E+00 0.100000E+01
 0.700000E+01 -.333300E+00 0.100000E+01  0.775000E+01 -.333300E+00 0.100000E+01
 0.775000E+01 -.333300E+00 0.100000E+01  0.850000E+01 -.333300E+00 0.100000E+01
 0.100000E+01 0.000000E+00 0.100000E+01  0.175000E+01 0.000000E+00 0.100000E+01
 0.175000E+01 0.000000E+00 0.100000E+01  0.250000E+01 0.000000E+00 0.100000E+01
 0.250000E+01 0.000000E+00 0.100000E+01  0.325000E+01 0.000000E+00 0.100000E+01
 0.325000E+01 0.000000E+00 0.100000E+01  0.400000E+01 0.000000E+00 0.100000E+01
 0.400000E+01 0.000000E+00 0.100000E+01  0.475000E+01 0.000000E+00 0.100000E+01
 0.475000E+01 0.000000E+00 0.100000E+01  0.550000E+01 0.000000E+00 0.100000E+01
 0.550000E+01 0.000000E+00 0.100000E+01  0.625000E+01 0.000000E+00 0.100000E+01
 0.625000E+01 0.000000E+00 0.100000E+01  0.700000E+01 0.000000E+00 0.100000E+01
 0.700000E+01 0.000000E+00 0.100000E+01  0.775000E+01 0.000000E+00 0.100000E+01
 0.775000E+01 0.000000E+00 0.100000E+01  0.850000E+01 0.000000E+00 0.100000E+01
 0.100000E+01 0.333300E+00 0.100000E+01  0.175000E+01 0.333300E+00 0.100000E+01
 0.175000E+01 0.333300E+00 0.100000E+01  0.250000E+01 0.333300E+00 0.100000E+01
 0.250000E+01 0.333300E+00 0.100000E+01  0.325000E+01 0.333300E+00 0.100000E+01
 0.325000E+01 0.333300E+00 0.100000E+01  0.400000E+01 0.333300E+00 0.100000E+01
 0.400000E+01 0.333300E+00 0.100000E+01  0.475000E+01 0.333300E+00 0.100000E+01
 0.475000E+01 0.333300E+00 0.100000E+01  0.550000E+01 0.333300E+00 0.100000E+01
 0.550000E+01 0.333300E+00 0.100000E+01  0.625000E+01 0.333300E+00 0.100000E+01
 0.625000E+01 0.333300E+00 0.100000E+01  0.700000E+01 0.333300E+00 0.100000E+01
 0.700000E+01 0.333300E+00 0.100000E+01  0.775000E+01 0.333300E+00 0.100000E+01
 0.775000E+01 0.333300E+00 0.100000E+01  0.850000E+01 0.333300E+00 0.100000E+01
 0.100000E+01 0.666700E+00 0.100000E+01  0.175000E+01 0.666700E+00 0.100000E+01
 0.175000E+01 0.666700E+00 0.100000E+01  0.250000E+01 0.666700E+00 0.100000E+01
 0.250000E+01 0.666700E+00 0.100000E+01  0.325000E+01 0.666700E+00 0.100000E+01
 0.325000E+01 0.666700E+00 0.100000E+01  0.400000E+01 0.666700E+00 0.100000E+01
 0.400000E+01 0.666700E+00 0.100000E+01  0.475000E+01 0.666700E+00 0.100000E+01
 0.475000E+01 0.666700E+00 0.100000E+01  0.550000E+01 0.666700E+00 0.100000E+01
 0.550000E+01 0.666700E+00 0.100000E+01  0.625000E+01 0.666700E+00 0.100000E+01
 0.625000E+01 0.666700E+00 0.100000E+01  0.700000E+01 0.666700E+00 0.100000E+01
 0.700000E+01 0.666700E+00 0.100000E+01  0.775000E+01 0.666700E+00 0.100000E+01
 0.775000E+01 0.666700E+00 0.100000E+01  0.850000E+01 0.666700E+00 0.100000E+01
 0.100000E+01 0.100000E+01 0.100000E+01  0.175000E+01 0.100000E+01 0.100000E+01
 0.175000E+01 0.100000E+01 0.100000E+01  0.250000E+01 0.100000E+01 0.100000E+01
 0.250000E+01 0.100000E+01 0.100000E+01  0.325000E+01 0.100000E+01 0.100000E+01
 0.325000E+01 0.100000E+01 0.100000E+01  0.400000E+01 0.100000E+01 0.100000E+01
 0.400000E+01 0.100000E+01 0.100000E+01  0.475000E+01 0.100000E+01 0.100000E+01
 0.475000E+01 0.100000E+01 0.100000E+01  0.550000E+01 0.100000E+01 0.100000E+01
 0.550000E+01 0.100000E+01 0.100000E+01  0.625000E+01 0.100000E+01 0.100000E+01
 0.625000E+01 0.100000E+01 0.100000E+01  0.700000E+01 0.100000E+01 0.100000E+01
 0.700000E+01 0.100000E+01 0.100000E+01  0.775000E+01 0.100000E+01 0.100000E+01
 0.775000E+01 0.100000E+01 0.100000E+01  0.850000E+01 0.100000E+01 0.100000E+01
 0.100000E+01 -.100000E+01 0.100000E+01  0.100000E+01 -.666700E+00 0.100000E+01
 0.175000E+01 -.100000E+01 0.100000E+01  0.175000E+01 -.666700E+00 0.100000E+01
 0.250000E+01 -.100000E+01 0.100000E+01  0.250000E+01 -.666700E+00 0.100000E+01
 0.325000E+01 -.100000E+01 0.100000E+01  0.325000E+01 -.666700E+00 0.100000E+01
 0.400000E+01 -.100000E+01 0.100000E+01  0.400000E+01 -.666700E+00 0.100000E+01
 0.475000E+01 -.100000E+01 0.100000E+01  0.475000E+01 -.666700E+00 0.100000E+01
 0.550000E+01 -.100000E+01 0.100000E+01  0.550000E+01 -.666700E+00 0.100000E+01
 0.625000E+01 -.100000E+01 0.100000E+01  0.625000E+01 -.666700E+00 0.100000E+01
 0.700000E+01 -.100000E+01 0.100000E+01  0.700000E+01 -.666700E+00 0.100000E+01
 0.775000E+01 -.100000E+01 0.100000E+01  0.775000E+01 -.666700E+00 0.100000E+01
 0.850000E+01 -.100000E+01 0.100000E+01  0.850000E+01 -.666700E+00 0.100000E+01
 0.100000E+01 -.666700E+00 0.100000E+01  0.100000E+01 -.333300E+00 0.100000E+01
 0.175000E+01 -.666700E+00 0.100000E+01  0.175000E+01 -.333300E+00 0.100000E+01
 0.250000E+01 -.666700E+00 0.100000E+01  0.250000E+01 -.333300E+00 0.100000E+01
 0.325000E+01 -.666700E+00 0.100000E+01  0.325000E+01 -.333300E+00 0.100000E+01
 0.400000E+01 -.666700E+00 0.100000E+01  0.400000E+01 -.333300E+00 0.100000E+01
 0.475000E+01 -.666700E+00 0.100000E+01  0.475000E+01 -.333300E+00 0.100000E+01
 0.550000E+01 -.666700E+00 0.100000E+01  0.550000E+01 -.333300E+00 0.100000E+01
 0.625000E+01 -.666700E+00 0.100000E+01  0.625000E+01 -.333300E+00 0.100000E+01
 0.700000E+01 -.666700E+00 0.100000E+01  0.700000E+01 -.333300E+00 0.100000E+01
 0.775000E+01 -.666700E+00 0.100000E+01  0.775000E+01 -.333300E+00 0.100000E+01
 0.850000E+01 -.666700E+00 0.100000E+01  0.850000E+01 -.333300E+00 0.100000E+01
 0.100000E+01 -.333300E+00 0.100000E+01  0.100000E+01 0.000000E+00 0.100000E+01
 0.175000E+01 -.333300E+00 0.100000E+01  0.175000E+01 0.000000E+00 0.100000E+01
 0.250000E+01 -.333300E+00 0.100000E+01  0.250000E+01 0.000000E+00 0.100000E+01
 0.325000E+01 -.333300E+00 0.100000E+01  0.325000E+01 0.000000E+00 0.100000E+01
 0.400000E+01 -.333300E+00 0.100000E+01  0.400000E+01 0.000000E+00 0.100000E+01
 0.475000E+01 -.333300E+00 0.100000E+01  0.475000E+01 0.000000E+00 0.100000E+01
 0.550000E+01 -.333300E+00 0.100000E+01  0.550000E+01 0.000000E+00 0.100000E+01
 0.625000E+01 -.333300E+00 0.100000E+01  0.625000E+01 0.000000E+00 0.100000E+01
 0.700000E+01 -.333300E+00 0.100000E+01  0.700000E+01 0.000000E+00 0.100000E+01
 0.775000E+01 -.333300E+00 0.100000E+01  0.775000E+01 0.000000E+00 0.100000E+01
 0.850000E+01 -.333300E+00 0.100000E+01  0.850000E+01 0.000000E+00 0.100000E+01
 0.100000E+01 0.000000E+00 0.100000E+01  0.100000E+01 0.333300E+00 0.100000E+01
 0.175000E+01 0.000000E+00 0.100000E+01  0.175000E+01 0.333300E+00 0.100000E+01
 0.250000E+01 0.000000E+00 0.100000E+01  0.250000E+01 0.333300E+00 0.100000E+01
 0.325000E+01 0.000000E+00 0.100000E+01  0.325000E+01 0.333300E+00 0.100000E+01
 0.400000E+01 0.000000E+00 0.100000E+01  0.400000E+01 0.333300E+00 0.100000E+01
 0.475000E+01 0.000000E+00 0.100000E+01  0.475000E+01 0.333300E+00 0.100000E+01
 0.550000E+01 0.000000E+00 0.100000E+01  0.550000E+01 0.333300E+00 0.100000E+01
 0.625000E+01 0.000000E+00 0.100000E+01  0.625000E+01 0.333300E+00 0.100000E+01
 0.700000E+01 0.000000E+00 0.100000E+01  0.700000E+01 0.333300E+00 0.100000E+01
 0.775000E+01 0.000000E+00 0.100000E+01  0.775000E+01 0.333300E+00 0.100000E+01
 0.850000E+01 0.000000E+00 0.100000E+01  0.850000E+01 0.333300E+00 0.100000E+01
 0.100000E+01 0.333300E+00 0.100000E+01  0.100000E+01 0.666700E+00 0.100000E+01
 0.175000E+01 0.333300E+00 0.100000E+01  0.175000E+01 0.666700E+00 0.100000E+01
 0.250000E+01 0.333300E+00 0.100000E+01  0.250000E+01 0.666700E+00 0.100000E+01
 0.325000E+01 0.333300E+00 0.100000E+01  0.325000E+01 0.666700E+00 0.100000E+01
 0.400000E+01 0.333300E+00 0.100000E+01  0.400000E+01 0.666700E+00 0.100000E+01
 0.475000E+01 0.333300E+00 0.100000E+01  0.475000E+01 0.666700E+00 0.100000E+01
 0.550000E+01 0.333300E+00 0.100000E+01  0.550000E+01 0.666700E+00 0.100000E+01
 0.625000E+01 0.333300E+00 0.100000E+01  0.625000E+01 0.666700E+00 0.100000E+01
 0.700000E+01 0.333300E+00 0.100000E+01  0.700000E+01 0.666700E+00 0.100000E+01
 0.775000E+01 0.333300E+00 0.100000E+01  0.775000E+01 0.666700E+00 0.100000E+01
 0.850000E+01 0.333300E+00 0.100000E+01  0.850000E+01 0.666700E+00 0.100000E+01
 0.100000E+01 0.666700E+00 0.100000E+01  0.100000E+01 0.100000E+01 0.100000E+01
 0.175000E+01 0.666700E+00 0.100000E+01  0.175000E+01 0.100000E+01 0.100000E+01
 0.250000E+01 0.666700E+00 0.100000E+01  0.250000E+01 0.100000E+01 0.100000E+01
 0.325000E+01 0.666700E+00 0.100000E+01  0.325000E+01 0.100000E+01 0.100000E+01
 0.400000E+01 0.666700E+00 0.100000E+01  0.400000E+01 0.100000E+01 0.100000E+01
 0.475000E+01 0.666700E+00 0.100000E+01  0.475000E+01 0.100000E+01 0.100000E+01
 0.550000E+01 0.666700E+00 0.100000E+01  0.550000E+01 0.100000E+01 0.100000E+01
 0.625000E+01 0.666700E+00 0.100000E+01  0.625000E+01 0.100000E+01 0.100000E+01
 0.700000E+01 0.666700E+00 0.100000E+01  0.700000E+01 0.100000E+01 0.100000E+01
 0.775000E+01 0.666700E+00 0.100000E+01  0.775000E+01 0.100000E+01 0.100000E+01
 0.850000E+01 0.666700E+00 0.100000E+01  0.850000E+01 0.100000E+01 0.100000E+01
 0.366000E+00 0.136600E+01 0.100000E+01  -.900000E-02 0.201550E+01 0.100000E+01
 -.900000E-02 0.201550E+01 0.100000E+01  -.384000E+00 0.266510E+01 0.100000E+01
 -.384000E+00 0.266510E+01 0.100000E+01  -.759000E+00 0.331460E+01 0.100000E+01
 -.759000E+00 0.331460E+01 0.100000E+01  -.113400E+01 0.396410E+01 0.100000E+01
 -.113400E+01 0.396410E+01 0.100000E+01  -.150900E+01 0.461360E+01 0.100000E+01
 -.150900E+01 0.461360E+01 0.100000E+01  -.188400E+01 0.526310E+01 0.100000E+01
 -.188400E+01 0.526310E+01 0.100000E+01  -.225900E+01 0.591270E+01 0.100000E+01
 -.225900E+01 0.591270E+01 0.100000E+01  -.263400E+01 0.656220E+01 0.100000E+01
 -.263400E+01 0.656220E+01 0.100000E+01  -.300900E+01 0.721170E+01 0.100000E+01
 -.300900E+01 0.721170E+01 0.100000E+01  -.338400E+01 0.786120E+01 0.100000E+01
 0.774000E-01 0.119940E+01 0.100000E+01  -.297600E+00 0.184890E+01 0.100000E+01
 -.297600E+00 0.184890E+01 0.100000E+01  -.672600E+00 0.249840E+01 0.100000E+01
 -.672600E+00 0.249840E+01 0.100000E+01  -.104760E+01 0.314790E+01 0.100000E+01
 -.104760E+01 0.314790E+01 0.100000E+01  -.142260E+01 0.379740E+01 0.100000E+01
 -.142260E+01 0.379740E+01 0.100000E+01  -.179760E+01 0.444700E+01 0.100000E+01
 -.179760E+01 0.444700E+01 0.100000E+01  -.217260E+01 0.509650E+01 0.100000E+01
 -.217260E+01 0.509650E+01 0.100000E+01  -.254760E+01 0.574600E+01 0.100000E+01
 -.254760E+01 0.574600E+01 0.100000E+01  -.292260E+01 0.639550E+01 0.100000E+01
 -.292260E+01 0.639550E+01 0.100000E+01  -.329760E+01 0.704500E+01 0.100000E+01
 -.329760E+01 0.704500E+01 0.100000E+01  -.367260E+01 0.769450E+01 0.100000E+01
 -.211300E+00 0.103270E+01 0.100000E+01  -.586300E+00 0.168220E+01 0.100000E+01
 -.586300E+00 0.168220E+01 0.100000E+01  -.961300E+00 0.233170E+01 0.100000E+01
 -.961300E+00 0.233170E+01 0.100000E+01  -.133630E+01 0.298120E+01 0.100000E+01
 -.133630E+01 0.298120E+01 0.100000E+01  -.171130E+01 0.363080E+01 0.100000E+01
 -.171130E+01 0.363080E+01 0.100000E+01  -.208630E+01 0.428030E+01 0.100000E+01
 -.208630E+01 0.428030E+01 0.100000E+01  -.246130E+01 0.492980E+01 0.100000E+01
 -.246130E+01 0.492980E+01 0.100000E+01  -.283630E+01 0.557930E+01 0.100000E+01
 -.283630E+01 0.557930E+01 0.100000E+01  -.321130E+01 0.622880E+01 0.100000E+01
 -.321130E+01 0.622880E+01 0.100000E+01  -.358630E+01 0.687840E+01 0.100000E+01
 -.358630E+01 0.687840E+01 0.100000E+01  -.396130E+01 0.752790E+01 0.100000E+01
 -.500000E+00 0.866000E+00 0.100000E+01  -.875000E+00 0.151550E+01 0.100000E+01
 -.875000E+00 0.151550E+01 0.100000E+01  -.125000E+01 0.216510E+01 0.100000E+01
 -.125000E+01 0.216510E+01 0.100000E+01  -.162500E+01 0.281460E+01 0.100000E+01
 -.162500E+01 0.281460E+01 0.100000E+01  -.200000E+01 0.346410E+01 0.100000E+01
 -.200000E+01 0.346410E+01 0.100000E+01  -.237500E+01 0.411360E+01 0.100000E+01
 -.237500E+01 0.411360E+01 0.100000E+01  -.275000E+01 0.476310E+01 0.100000E+01
 -.275000E+01 0.476310E+01 0.100000E+01  -.312500E+01 0.541270E+01 0.100000E+01
 -.312500E+01 0.541270E+01 0.100000E+01  -.350000E+01 0.606220E+01 0.100000E+01
 -.350000E+01 0.606220E+01 0.100000E+01  -.387500E+01 0.671170E+01 0.100000E+01
 -.387500E+01 0.671170E+01 0.100000E+01  -.425000E+01 0.736120E+01 0.100000E+01
 -.788700E+00 0.699400E+00 0.100000E+01  -.116370E+01 0.134890E+01 0.100000E+01
 -.116370E+01 0.134890E+01 0.100000E+01  -.153870E+01 0.199840E+01 0.100000E+01
 -.153870E+01 0.199840E+01 0.100000E+01  -.191370E+01 0.264790E+01 0.100000E+01
 -.191370E+01 0.264790E+01 0.100000E+01  -.228870E+01 0.329740E+01 0.100000E+01
 -.228870E+01 0.329740E+01 0.100000E+01  -.266370E+01 0.394700E+01 0.100000E+01
 -.266370E+01 0.394700E+01 0.100000E+01  -.303870E+01 0.459650E+01 0.100000E+01
 -.303870E+01 0.459650E+01 0.100000E+01  -.341370E+01 0.524600E+01 0.100000E+01
 -.341370E+01 0.524600E+01 0.100000E+01  -.378870E+01 0.589550E+01 0.100000E+01
 -.378870E+01 0.589550E+01 0.100000E+01  -.416370E+01 0.654500E+01 0.100000E+01
 -.416370E+01 0.654500E+01 0.100000E+01  -.453870E+01 0.719450E+01 0.100000E+01
 -.107740E+01 0.532700E+00 0.100000E+01  -.145240E+01 0.118220E+01 0.100000E+01
 -.145240E+01 0.118220E+01 0.100000E+01  -.182740E+01 0.183170E+01 0.100000E+01
 -.182740E+01 0.183170E+01 0.100000E+01  -.220240E+01 0.248120E+01 0.100000E+01
 -.220240E+01 0.248120E+01 0.100000E+01  -.257740E+01 0.313080E+01 0.100000E+01
 -.257740E+01 0.313080E+01 0.100000E+01  -.295240E+01 0.378030E+01 0.100000E+01
 -.295240E+01 0.378030E+01 0.100000E+01  -.332740E+01 0.442980E+01 0.100000E+01
 -.332740E+01 0.442980E+01 0.100000E+01  -.370240E+01 0.507930E+01 0.100000E+01
 -.370240E+01 0.507930E+01 0.100000E+01  -.407740E+01 0.572880E+01 0.100000E+01
 -.407740E+01 0.572880E+01 0.100000E+01  -.445240E+01 0.637840E+01 0.100000E+01
 -.445240E+01 0.637840E+01 0.100000E+01  -.482740E+01 0.702790E+01 0.100000E+01
 -.136600E+01 0.366000E+00 0.100000E+01  -.174100E+01 0.101550E+01 0.100000E+01
 -.174100E+01 0.101550E+01 0.100000E+01  -.211600E+01 0.166510E+01 0.100000E+01
 -.211600E+01 0.166510E+01 0.100000E+01  -.249100E+01 0.231460E+01 0.100000E+01
 -.249100E+01 0.231460E+01 0.100000E+01  -.286600E+01 0.296410E+01 0.100000E+01
 -.286600E+01 0.296410E+01 0.100000E+01  -.324100E+01 0.361360E+01 0.100000E+01
 -.324100E+01 0.361360E+01 0.100000E+01  -.361600E+01 0.426310E+01 0.100000E+01
 -.361600E+01 0.426310E+01 0.100000E+01  -.399100E+01 0.491270E+01 0.100000E+01
 -.399100E+01 0.491270E+01 0.100000E+01  -.436600E+01 0.556220E+01 0.100000E+01
 -.436600E+01 0.556220E+01 0.100000E+01  -.474100E+01 0.621170E+01 0.100000E+01
 -.474100E+01 0.621170E+01 0.100000E+01  -.511600E+01 0.686120E+01 0.100000E+01
 0.366000E+00 0.136600E+01 0.100000E+01  0.774000E-01 0.119940E+01 0.100000E+01
 -.900000E-02 0.201550E+01 0.100000E+01  -.297600E+00 0.184890E+01 0.100000E+01
 -.384000E+00 0.266510E+01 0.100000E+01  -.672600E+00 0.249840E+01 0.100000E+01
 -.759000E+00 0.331460E+01 0.100000E+01  -.104760E+01 0.314790E+01 0.100000E+01
 -.113400E+01 0.396410E+01 0.100000E+01  -.142260E+01 0.379740E+01 0.100000E+01
 -.150900E+01 0.461360E+01 0.100000E+01  -.179760E+01 0.444700E+01 0.100000E+01
 -.188400E+01 0.526310E+01 0.100000E+01  -.217260E+01 0.509650E+01 0.100000E+01
 -.225900E+01 0.591270E+01 0.100000E+01  -.254760E+01 0.574600E+01 0.100000E+01
 -.263400E+01 0.656220E+01 0.100000E+01  -.292260E+01 0.639550E+01 0.100000E+01
 -.300900E+01 0.721170E+01 0.100000E+01  -.329760E+01 0.704500E+01 0.100000E+01
 -.338400E+01 0.786120E+01 0.100000E+01  -.367260E+01 0.769450E+01 0.100000E+01
 0.774000E-01 0.119940E+01 0.100000E+01  -.211300E+00 0.103270E+01 0.100000E+01
 -.297600E+00 0.184890E+01 0.100000E+01  -.586300E+00 0.168220E+01 0.100000E+01
 -.672600E+00 0.249840E+01 0.100000E+01  -.961300E+00 0.233170E+01 0.100000E+01
 -.104760E+01 0.314790E+01 0.100000E+01  -.133630E+01 0.298120E+01 0.100000E+01
 -.142260E+01 0.379740E+01 0.100000E+01  -.171130E+01 0.363080E+01 0.100000E+01
 -.179760E+01 0.444700E+01 0.100000E+01  -.208630E+01 0.428030E+01 0.100000E+01
 -.217260E+01 0.509650E+01 0.100000E+01  -.246130E+01 0.492980E+01 0.100000E+01
 -.254760E+01 0.574600E+01 0.100000E+01  -.283630E+01 0.557930E+01 0.100000E+01
 -.292260E+01 0.639550E+01 0.100000E+01  -.321130E+01 0.622880E+01 0.100000E+01
 -.329760E+01 0.704500E+01 0.100000E+01  -.358630E+01 0.687840E+01 0.100000E+01
 -.367260E+01 0.769450E+01 0.100000E+01  -.396130E+01 0.752790E+01 0.100000E+01
 -.211300E+00 0.103270E+01 0.100000E+01  -.500000E+00 0.866000E+00 0.100000E+01
 -.586300E+00 0.168220E+01 0.100000E+01  -.875000E+00 0.151550E+01 0.100000E+01
 -.961300E+00 0.233170E+01 0.100000E+01  -.125000E+01 0.216510E+01 0.100000E+01
 -.133630E+01 0.298120E+01 0.100000E+01  -.162500E+01 0.281460E+01 0.100000E+01
 -.171130E+01 0.363080E+01 0.100000E+01  -.200000E+01 0.346410E+01 0.100000E+01
 -.208630E+01 0.428030E+01 0.100000E+01  -.237500E+01 0.411360E+01 0.100000E+01
 -.246130E+01 0.492980E+01 0.100000E+01  -.275000E+01 0.476310E+01 0.100000E+01
 -.283630E+01 0.557930E+01 0.100000E+01  -.312500E+01 0.541270E+01 0.100000E+01
 -.321130E+01 0.622880E+01 0.100000E+01  -.350000E+01 0.606220E+01 0.100000E+01
 -.358630E+01 0.687840E+01 0.100000E+01  -.387500E+01 0.671170E+01 0.100000E+01
 -.396130E+01 0.752790E+01 0.100000E+01  -.425000E+01 0.736120E+01 0.100000E+01
 -.500000E+00 0.866000E+00 0.100000E+01  -.788700E+00 0.699400E+00 0.100000E+01
 -.875000E+00 0.151550E+01 0.100000E+01  -.116370E+01 0.134890E+01 0.100000E+01
 -.125000E+01 0.216510E+01 0.100000E+01  -.153870E+01 0.199840E+01 0.100000E+01
 -.162500E+01 0.281460E+01 0.100000E+01  -.191370E+01 0.264790E+01 0.100000E+01
 -.200000E+01 0.346410E+01 0.100000E+01  -.228870E+01 0.329740E+01 0.100000E+01
 -.237500E+01 0.411360E+01 0.100000E+01  -.266370E+01 0.394700E+01 0.100000E+01
 -.275000E+01 0.476310E+01 0.100000E+01  -.303870E+01 0.459650E+01 0.100000E+01
 -.312500E+01 0.541270E+01 0.100000E+01  -.341370E+01 0.524600E+01 0.100000E+01
 -.350000E+01 0.606220E+01 0.100000E+01  -.378870E+01 0.589550E+01 0.100000E+01
 -.387500E+01 0.671170E+01 0.100000E+01  -.416370E+01 0.654500E+01 0.100000E+01
 -.425000E+01 0.736120E+01 0.100000E+01  -.453870E+01 0.719450E+01 0.100000E+01
 -.788700E+00 0.699400E+00 0.100000E+01  -.107740E+01 0.532700E+00 0.100000E+01
 -.116370E+01 0.134890E+01 0.100000E+01  -.145240E+01 0.118220E+01 0.100000E+01
 -.153870E+01 0.199840E+01 0.100000E+01  -.182740E+01 0.183170E+01 0.100000E+01
 -.191370E+01 0.264790E+01 0.100000E+01  -.220240E+01 0.248120E+01 0.100000E+01
 -.228870E+01 0.329740E+01 0.100000E+01  -.257740E+01 0.313080E+01 0.100000E+01
 -.266370E+01 0.394700E+01 0.100000E+01  -.295240E+01 0.378030E+01 0.100000E+01
 -.303870E+01 0.459650E+01 0.100000E+01  -.332740E+01 0.442980E+01 0.100000E+01
 -.341370E+01 0.524600E+01 0.100000E+01  -.370240E+01 0.507930E+01 0.100000E+01
 -.378870E+01 0.589550E+01 0.100000E+01  -.407740E+01 0.572880E+01 0.100000E+01
 -.416370E+01 0.654500E+01 0.100000E+01  -.445240E+01 0.637840E+01 0.100000E+01
 -.453870E+01 0.719450E+01 0.100000E+01  -.482740E+01 0.702790E+01 0.100000E+01
 -.107740E+01 0.532700E+00 0.100000E+01  -.136600E+01 0.366000E+00 0.100000E+01
 -.145240E+01 0.118220E+01 0.100000E+01  -.174100E+01 0.101550E+01 0.100000E+01
 -.182740E+01 0.183170E+01 0.100000E+01  -.211600E+01 0.166510E+01 0.100000E+01
 -.220240E+01 0.248120E+01 0.100000E+01  -.249100E+01 0.231460E+01 0.100000E+01
 -.257740E+01 0.313080E+01 0.100000E+01  -.286600E+01 0.296410E+01 0.100000E+01
 -.295240E+01 0.378030E+01 0.100000E+01  -.324100E+01 0.361360E+01 0.100000E+01
 -.332740E+01 0.442980E+01 0.100000E+01  -.361600E+01 0.426310E+01 0.100000E+01
 -.370240E+01 0.507930E+01 0.100000E+01  -.399100E+01 0.491270E+01 0.100000E+01
 -.407740E+01 0.572880E+01 0.100000E+01  -.436600E+01 0.556220E+01 0.100000E+01
 -.445240E+01 0.637840E+01 0.100000E+01  -.474100E+01 0.621170E+01 0.100000E+01
 -.482740E+01 0.702790E+01 0.100000E+01  -.511600E+01 0.686120E+01 0.100000E+01
 -.136600E+01 -.366000E+00 0.100000E+01  -.174100E+01 -.101550E+01 0.100000E+01
 -.174100E+01 -.101550E+01 0.100000E+01  -.211600E+01 -.166510E+01 0.100000E+01
 -.211600E+01 -.166510E+01 0.100000E+01  -.249100E+01 -.231460E+01 0.100000E+01
 -.249100E+01 -.231460E+01 0.100000E+01  -.286600E+01 -.296410E+01 0.100000E+01
 -.286600E+01 -.296410E+01 0.100000E+01  -.324100E+01 -.361360E+01 0.100000E+01
 -.324100E+01 -.361360E+01 0.100000E+01  -.361600E+01 -.426310E+01 0.100000E+01
 -.361600E+01 -.426310E+01 0.100000E+01  -.399100E+01 -.491270E+01 0.100000E+01
 -.399100E+01 -.491270E+01 0.100000E+01  -.436600E+01 -.556220E+01 0.100000E+01
 -.436600E+01 -.556220E+01 0.100000E+01  -.474100E+01 -.621170E+01 0.100000E+01
 -.474100E+01 -.621170E+01 0.100000E+01  -.511600E+01 -.686120E+01 0.100000E+01
 -.107740E+01 -.532700E+00 0.100000E+01  -.145240E+01 -.118220E+01 0.100000E+01
 -.145240E+01 -.118220E+01 0.100000E+01  -.182740E+01 -.183170E+01 0.100000E+01
 -.182740E+01 -.183170E+01 0.100000E+01  -.220240E+01 -.248120E+01 0.100000E+01
 -.220240E+01 -.248120E+01 0.100000E+01  -.257740E+01 -.313080E+01 0.100000E+01
 -.257740E+01 -.313080E+01 0.100000E+01  -.295240E+01 -.378030E+01 0.100000E+01
 -.295240E+01 -.378030E+01 0.100000E+01  -.332740E+01 -.442980E+01 0.100000E+01
 -.332740E+01 -.442980E+01 0.100000E+01  -.370240E+01 -.507930E+01 0.100000E+01
 -.370240E+01 -.507930E+01 0.100000E+01  -.407740E+01 -.572880E+01 0.100000E+01
 -.407740E+01 -.572880E+01 0.100000E+01  -.445240E+01 -.637840E+01 0.100000E+01
 -.445240E+01 -.637840E+01 0.100000E+01  -.482740E+01 -.702790E+01 0.100000E+01
 -.788700E+00 -.699400E+00 0.100000E+01  -.116370E+01 -.134890E+01 0.100000E+01
 -.116370E+01 -.134890E+01 0.100000E+01  -.153870E+01 -.199840E+01 0.100000E+01
 -.153870E+01 -.199840E+01 0.100000E+01  -.191370E+01 -.264790E+01 0.100000E+01
 -.191370E+01 -.264790E+01 0.100000E+01  -.228870E+01 -.329740E+01 0.100000E+01
 -.228870E+01 -.329740E+01 0.100000E+01  -.266370E+01 -.394700E+01 0.100000E+01
 -.266370E+01 -.394700E+01 0.100000E+01  -.303870E+01 -.459650E+01 0.100000E+01
 -.303870E+01 -.459650E+01 0.100000E+01  -.341370E+01 -.524600E+01 0.100000E+01
 -.341370E+01 -.524600E+01 0.100000E+01  -.378870E+01 -.589550E+01 0.100000E+01
 -.378870E+01 -.589550E+01 0.100000E+01  -.416370E+01 -.654500E+01 0.100000E+01
 -.416370E+01 -.654500E+01 0.100000E+01  -.453870E+01 -.719450E+01 0.100000E+01
 -.500000E+00 -.866000E+00 0.100000E+01  -.875000E+00 -.151550E+01 0.100000E+01
 -.875000E+00 -.151550E+01 0.100000E+01  -.125000E+01 -.216510E+01 0.100000E+01
 -.125000E+01 -.216510E+01 0.100000E+01  -.162500E+01 -.281460E+01 0.100000E+01
 -.162500E+01 -.281460E+01 0.100000E+01  -.200000E+01 -.346410E+01 0.100000E+01
 -.200000E+01 -.346410E+01 0.100000E+01  -.237500E+01 -.411360E+01 0.100000E+01
 -.237500E+01 -.411360E+01 0.100000E+01  -.275000E+01 -.476310E+01 0.100000E+01
 -.275000E+01 -.476310E+01 0.100000E+01  -.312500E+01 -.541270E+01 0.100000E+01
 -.312500E+01 -.541270E+01 0.100000E+01  -.350000E+01 -.606220E+01 0.100000E+01
 -.350000E+01 -.606220E+01 0.100000E+01  -.387500E+01 -.671170E+01 0.100000E+01
 -.387500E+01 -.671170E+01 0.100000E+01  -.425000E+01 -.736120E+01 0.100000E+01
 -.211300E+00 -.103270E+01 0.100000E+01  -.586300E+00 -.168220E+01 0.100000E+01
 -.586300E+00 -.168220E+01 0.100000E+01  -.961300E+00 -.233170E+01 0.100000E+01
 -.961300E+00 -.233170E+01 0.100000E+01  -.133630E+01 -.298120E+01 0.100000E+01
 -.133630E+01 -.298120E+01 0.100000E+01  -.171130E+01 -.363080E+01 0.100000E+01
 -.171130E+01 -.363080E+01 0.100000E+01  -.208630E+01 -.428030E+01 0.100000E+01
 -.208630E+01 -.428030E+01 0.100000E+01  -.246130E+01 -.492980E+01 0.100000E+01
 -.246130E+01 -.492980E+01 0.100000E+01  -.283630E+01 -.557930E+01 0.100000E+01
 -.283630E+01 -.557930E+01 0.100000E+01  -.321130E+01 -.622880E+01 0.100000E+01
 -.321130E+01 -.622880E+01 0.100000E+01  -.358630E+01 -.687840E+01 0.100000E+01
 -.358630E+01 -.687840E+01 0.100000E+01  -.396130E+01 -.752790E+01 0.100000E+01
 0.774000E-01 -.119940E+01 0.100000E+01  -.297600E+00 -.184890E+01 0.100000E+01
 -.297600E+00 -.184890E+01 0.100000E+01  -.672600E+00 -.249840E+01 0.100000E+01
 -.672600E+00 -.249840E+01 0.100000E+01  -.104760E+01 -.314790E+01 0.100000E+01
 -.104760E+01 -.314790E+01 0.100000E+01  -.142260E+01 -.379740E+01 0.100000E+01
 -.142260E+01 -.379740E+01 0.100000E+01  -.179760E+01 -.444700E+01 0.100000E+01
 -.179760E+01 -.444700E+01 0.100000E+01  -.217260E+01 -.509650E+01 0.100000E+01
 -.217260E+01 -.509650E+01 0.100000E+01  -.254760E+01 -.574600E+01 0.100000E+01
 -.254760E+01 -.574600E+01 0.100000E+01  -.292260E+01 -.639550E+01 0.100000E+01
 -.292260E+01 -.639550E+01 0.100000E+01  -.329760E+01 -.704500E+01 0.100000E+01
 -.329760E+01 -.704500E+01 0.100000E+01  -.367260E+01 -.769450E+01 0.100000E+01
 0.366000E+00 -.136600E+01 0.100000E+01  -.900000E-02 -.201550E+01 0.100000E+01
 -.900000E-02 -.201550E+01 0.100000E+01  -.384000E+00 -.266510E+01 0.100000E+01
 -.384000E+00 -.266510E+01 0.100000E+01  -.759000E+00 -.331460E+01 0.100000E+01
 -.759000E+00 -.331460E+01 0.100000E+01  -.113400E+01 -.396410E+01 0.100000E+01
 -.113400E+01 -.396410E+01 0.100000E+01  -.150900E+01 -.461360E+01 0.100000E+01
 -.150900E+01 -.461360E+01 0.100000E+01  -.188400E+01 -.526310E+01 0.100000E+01
 -.188400E+01 -.526310E+01 0.100000E+01  -.225900E+01 -.591270E+01 0.100000E+01
 -.225900E+01 -.591270E+01 0.100000E+01  -.263400E+01 -.656220E+01 0.100000E+01
 -.263400E+01 -.656220E+01 0.100000E+01  -.300900E+01 -.721170E+01 0.100000E+01
 -.300900E+01 -.721170E+01 0.100000E+01  -.338400E+01 -.786120E+01 0.100000E+01
 -.136600E+01 -.366000E+00 0.100000E+01  -.107740E+01 -.532700E+00 0.100000E+01
 -.174100E+01 -.101550E+01 0.100000E+01  -.145240E+01 -.118220E+01 0.100000E+01
 -.211600E+01 -.166510E+01 0.100000E+01  -.182740E+01 -.183170E+01 0.100000E+01
 -.249100E+01 -.231460E+01 0.100000E+01  -.220240E+01 -.248120E+01 0.100000E+01
 -.286600E+01 -.296410E+01 0.100000E+01  -.257740E+01 -.313080E+01 0.100000E+01
 -.324100E+01 -.361360E+01 0.100000E+01  -.295240E+01 -.378030E+01 0.100000E+01
 -.361600E+01 -.426310E+01 0.100000E+01  -.332740E+01 -.442980E+01 0.100000E+01
 -.399100E+01 -.491270E+01 0.100000E+01  -.370240E+01 -.507930E+01 0.100000E+01
 -.436600E+01 -.556220E+01 0.100000E+01  -.407740E+01 -.572880E+01 0.100000E+01
 -.474100E+01 -.621170E+01 0.100000E+01  -.445240E+01 -.637840E+01 0.100000E+01
 -.511600E+01 -.686120E+01 0.100000E+01  -.482740E+01 -.702790E+01 0.100000E+01
 -.107740E+01 -.532700E+00 0.100000E+01  -.788700E+00 -.699400E+00 0.100000E+01
 -.145240E+01 -.118220E+01 0.100000E+01  -.116370E+01 -.134890E+01 0.100000E+01
 -.182740E+01 -.183170E+01 0.100000E+01  -.153870E+01 -.199840E+01 0.100000E+01
 -.220240E+01 -.248120E+01 0.100000E+01  -.191370E+01 -.264790E+01 0.100000E+01
 -.257740E+01 -.313080E+01 0.100000E+01  -.228870E+01 -.329740E+01 0.100000E+01
 -.295240E+01 -.378030E+01 0.100000E+01  -.266370E+01 -.394700E+01 0.100000E+01
 -.332740E+01 -.442980E+01 0.100000E+01  -.303870E+01 -.459650E+01 0.100000E+01
 -.370240E+01 -.507930E+01 0.100000E+01  -.341370E+01 -.524600E+01 0.100000E+01
 -.407740E+01 -.572880E+01 0.100000E+01  -.378870E+01 -.589550E+01 0.100000E+01
 -.445240E+01 -.637840E+01 0.100000E+01  -.416370E+01 -.654500E+01 0.100000E+01
 -.482740E+01 -.702790E+01 0.100000E+01  -.453870E+01 -.719450E+01 0.100000E+01
 -.788700E+00 -.699400E+00 0.100000E+01  -.500000E+00 -.866000E+00 0.100000E+01
 -.116370E+01 -.134890E+01 0.100000E+01  -.875000E+00 -.151550E+01 0.100000E+01
 -.153870E+01 -.199840E+01 0.100000E+01  -.125000E+01 -.216510E+01 0.100000E+01
 -.191370E+01 -.264790E+01 0.100000E+01  -.162500E+01 -.281460E+01 0.100000E+01
 -.228870E+01 -.329740E+01 0.100000E+01  -.200000E+01 -.346410E+01 0.100000E+01
 -.266370E+01 -.394700E+01 0.100000E+01  -.237500E+01 -.411360E+01 0.100000E+01
 -.303870E+01 -.459650E+01 0.100000E+01  -.275000E+01 -.476310E+01 0.100000E+01
 -.341370E+01 -.524600E+01 0.100000E+01  -.312500E+01 -.541270E+01 0.100000E+01
 -.378870E+01 -.589550E+01 0.100000E+01  -.350000E+01 -.606220E+01 0.100000E+01
 -.416370E+01 -.654500E+01 0.100000E+01  -.387500E+01 -.671170E+01 0.100000E+01
 -.453870E+01 -.719450E+01 0.100000E+01  -.425000E+01 -.736120E+01 0.100000E+01
 -.500000E+00 -.866000E+00 0.100000E+01  -.211300E+00 -.103270E+01 0.100000E+01
 -.875000E+00 -.151550E+01 0.100000E+01  -.586300E+00 -.168220E+01 0.100000E+01
 -.125000E+01 -.216510E+01 0.100000E+01  -.961300E+00 -.233170E+01 0.100000E+01
 -.162500E+01 -.281460E+01 0.100000E+01  -.133630E+01 -.298120E+01 0.100000E+01
 -.200000E+01 -.346410E+01 0.100000E+01  -.171130E+01 -.363080E+01 0.100000E+01
 -.237500E+01 -.411360E+01 0.100000E+01  -.208630E+01 -.428030E+01 0.100000E+01
 -.275000E+01 -.476310E+01 0.100000E+01  -.246130E+01 -.492980E+01 0.100000E+01
 -.312500E+01 -.541270E+01 0.100000E+01  -.283630E+01 -.557930E+01 0.100000E+01
 -.350000E+01 -.606220E+01 0.100000E+01  -.321130E+01 -.622880E+01 0.100000E+01
 -.387500E+01 -.671170E+01 0.100000E+01  -.358630E+01 -.687840E+01 0.100000E+01
 -.425000E+01 -.736120E+01 0.100000E+01  -.396130E+01 -.752790E+01 0.100000E+01
 -.211300E+00 -.103270E+01 0.100000E+01  0.774000E-01 -.119940E+01 0.100000E+01
 -.586300E+00 -.168220E+01 0.100000E+01  -.297600E+00 -.184890E+01 0.100000E+01
 -.961300E+00 -.233170E+01 0.100000E+01  -.672600E+00 -.249840E+01 0.100000E+01
 -.133630E+01 -.298120E+01 0.100000E+01  -.104760E+01 -.314790E+01 0.100000E+01
 -.171130E+01 -.363080E+01 0.100000E+01  -.142260E+01 -.379740E+01 0.100000E+01
 -.208630E+01 -.428030E+01 0.100000E+01  -.179760E+01 -.444700E+01 0.100000E+01
 -.246130E+01 -.492980E+01 0.100000E+01  -.217260E+01 -.509650E+01 0.100000E+01
 -.283630E+01 -.557930E+01 0.100000E+01  -.254760E+01 -.574600E+01 0.100000E+01
 -.321130E+01 -.622880E+01 0.100000E+01  -.292260E+01 -.639550E+01 0.100000E+01
 -.358630E+01 -.687840E+01 0.100000E+01  -.329760E+01 -.704500E+01 0.100000E+01
 -.396130E+01 -.752790E+01 0.100000E+01  -.367260E+01 -.769450E+01 0.100000E+01
 0.774000E-01 -.119940E+01 0.100000E+01  0.366000E+00 -.136600E+01 0.100000E+01
 -.297600E+00 -.184890E+01 0.100000E+01  -.900000E-02 -.201550E+01 0.100000E+01
 -.672600E+00 -.249840E+01 0.100000E+01  -.384000E+00 -.266510E+01 0.100000E+01
 -.104760E+01 -.314790E+01 0.100000E+01  -.759000E+00 -.331460E+01 0.100000E+01
 -.142260E+01 -.379740E+01 0.100000E+01  -.113400E+01 -.396410E+01 0.100000E+01
 -.179760E+01 -.444700E+01 0.100000E+01  -.150900E+01 -.461360E+01 0.100000E+01
 -.217260E+01 -.509650E+01 0.100000E+01  -.188400E+01 -.526310E+01 0.100000E+01
 -.254760E+01 -.574600E+01 0.100000E+01  -.225900E+01 -.591270E+01 0.100000E+01
 -.292260E+01 -.639550E+01 0.100000E+01  -.263400E+01 -.656220E+01 0.100000E+01
 -.329760E+01 -.704500E+01 0.100000E+01  -.300900E+01 -.721170E+01 0.100000E+01
 -.367260E+01 -.769450E+01 0.100000E+01  -.338400E+01 -.786120E+01 0.100000E+01
 0.100000E+01 -.100000E+01 0.100000E+01  0.366000E+00 -.136600E+01 0.100000E+01
 0.100000E+01 0.100000E+01 0.100000E+01  0.366000E+00 0.136600E+01 0.100000E+01
 -.136600E+01 0.366000E+00 0.100000E+01  -.136600E+01 -.366000E+00 0.100000E+01
 -.100000E+01 0.000000E+00 0.100000E+01  -.136600E+01 -.366000E+00 0.100000E+01
 -.939700E+00 -.342000E+00 0.100000E+01  -.107740E+01 -.532700E+00 0.100000E+01
 -.766000E+00 -.642800E+00 0.100000E+01  -.788700E+00 -.699400E+00 0.100000E+01
 -.173600E+00 -.984800E+00 0.100000E+01  -.211300E+00 -.103270E+01 0.100000E+01
 0.173600E+00 -.984800E+00 0.100000E+01  0.774000E-01 -.119940E+01 0.100000E+01
 0.500000E+00 -.866000E+00 0.100000E+01  0.366000E+00 -.136600E+01 0.100000E+01
 -.100000E+01 0.000000E+00 0.100000E+01  -.136600E+01 0.366000E+00 0.100000E+01
 -.939700E+00 0.342000E+00 0.100000E+01  -.107740E+01 0.532700E+00 0.100000E+01
 -.766000E+00 0.642800E+00 0.100000E+01  -.788700E+00 0.699400E+00 0.100000E+01
 -.173600E+00 0.984800E+00 0.100000E+01  -.211300E+00 0.103270E+01 0.100000E+01
 0.173600E+00 0.984800E+00 0.100000E+01  0.774000E-01 0.119940E+01 0.100000E+01
 0.500000E+00 0.866000E+00 0.100000E+01  0.366000E+00 0.136600E+01 0.100000E+01
 0.500000E+00 0.866000E+00 0.100000E+01  0.100000E+01 0.100000E+01 0.100000E+01
 0.766000E+00 0.642800E+00 0.100000E+01  0.100000E+01 0.666700E+00 0.100000E+01
 0.939700E+00 0.342000E+00 0.100000E+01  0.100000E+01 0.333300E+00 0.100000E+01
 0.939700E+00 -.342000E+00 0.100000E+01  0.100000E+01 -.333300E+00 0.100000E+01
 0.766000E+00 -.642800E+00 0.100000E+01  0.100000E+01 -.666700E+00 0.100000E+01
 0.500000E+00 -.866000E+00 0.100000E+01  0.100000E+01 -.100000E+01 0.100000E+01
 0.100000E+01 0.000000E+00 0.000000E+00  0.114160E+01 0.000000E+00 -.660000E-01
 0.114160E+01 0.000000E+00 -.660000E-01  0.128320E+01 0.000000E+00 -.132100E+00
 0.128320E+01 0.000000E+00 -.132100E+00  0.156640E+01 0.000000E+00 -.264100E+00
 0.156640E+01 0.000000E+00 -.264100E+00  0.184970E+01 0.000000E+00 -.396200E+00
 0.184970E+01 0.000000E+00 -.396200E+00  0.213290E+01 0.000000E+00 -.528300E+00
 0.213290E+01 0.000000E+00 -.528300E+00  0.241610E+01 0.000000E+00 -.660300E+00
 0.241610E+01 0.000000E+00 -.660300E+00  0.269930E+01 0.000000E+00 -.792400E+00
 0.269930E+01 0.000000E+00 -.792400E+00  0.298250E+01 0.000000E+00 -.924500E+00
 0.298250E+01 0.000000E+00 -.924500E+00  0.326580E+01 0.000000E+00 -.105650E+01
 0.500000E+00 -.866000E+00 0.000000E+00  0.570800E+00 -.988700E+00 -.660000E-01
 0.570800E+00 -.988700E+00 -.660000E-01  0.641600E+00 -.111130E+01 -.132100E+00
 0.641600E+00 -.111130E+01 -.132100E+00  0.783200E+00 -.135660E+01 -.264100E+00
 0.783200E+00 -.135660E+01 -.264100E+00  0.924800E+00 -.160190E+01 -.396200E+00
 0.924800E+00 -.160190E+01 -.396200E+00  0.106640E+01 -.184710E+01 -.528300E+00
 0.106640E+01 -.184710E+01 -.528300E+00  0.120810E+01 -.209240E+01 -.660300E+00
 0.120810E+01 -.209240E+01 -.660300E+00  0.134970E+01 -.233770E+01 -.792400E+00
 0.134970E+01 -.233770E+01 -.792400E+00  0.149130E+01 -.258300E+01 -.924500E+00
 0.149130E+01 -.258300E+01 -.924500E+00  0.163290E+01 -.282820E+01 -.105650E+01
