*** NEC ADMITTANCE FILE
 Fan antenna impedance.  Symbols a 1 Mhz increments                                                                    
            F (MHz)        ZR          ZI
       1  2.00000E+00 9.42813E-06 3.63297E-03 1
       2  2.00350E+00 9.50634E-06 3.64156E-03
       3  2.00700E+00 9.58507E-06 3.65017E-03
       4  2.01050E+00 9.66436E-06 3.65879E-03
       5  2.01401E+00 9.74427E-06 3.66743E-03
       6  2.01751E+00 9.82469E-06 3.67608E-03
       7  2.02101E+00 9.90568E-06 3.68475E-03
       8  2.02451E+00 9.98722E-06 3.69343E-03
       9  2.02801E+00 1.00694E-05 3.70213E-03
      10  2.03151E+00 1.01521E-05 3.71084E-03
      11  2.03502E+00 1.02354E-05 3.71958E-03
      12  2.03852E+00 1.03194E-05 3.72832E-03
      13  2.04202E+00 1.04038E-05 3.73708E-03
      14  2.04552E+00 1.04889E-05 3.74586E-03
      15  2.04902E+00 1.05746E-05 3.75466E-03
      16  2.05252E+00 1.06609E-05 3.76347E-03
      17  2.05603E+00 1.07478E-05 3.77229E-03
      18  2.05953E+00 1.08353E-05 3.78114E-03
      19  2.06303E+00 1.09235E-05 3.79000E-03
      20  2.06653E+00 1.10122E-05 3.79887E-03
      21  2.07003E+00 1.11016E-05 3.80776E-03
      22  2.07353E+00 1.11916E-05 3.81667E-03
      23  2.07704E+00 1.12822E-05 3.82560E-03
      24  2.08054E+00 1.13735E-05 3.83454E-03
      25  2.08404E+00 1.14655E-05 3.84350E-03
      26  2.08754E+00 1.15580E-05 3.85247E-03
      27  2.09104E+00 1.16512E-05 3.86147E-03
      28  2.09454E+00 1.17451E-05 3.87047E-03
      29  2.09805E+00 1.18395E-05 3.87950E-03
      30  2.10155E+00 1.19347E-05 3.88854E-03
      31  2.10505E+00 1.20306E-05 3.89760E-03
      32  2.10855E+00 1.21271E-05 3.90668E-03
      33  2.11205E+00 1.22243E-05 3.91578E-03
      34  2.11555E+00 1.23222E-05 3.92489E-03
      35  2.11906E+00 1.24208E-05 3.93402E-03
      36  2.12256E+00 1.25199E-05 3.94316E-03
      37  2.12606E+00 1.26199E-05 3.95233E-03
      38  2.12956E+00 1.27205E-05 3.96151E-03
      39  2.13306E+00 1.28219E-05 3.97071E-03
      40  2.13656E+00 1.29239E-05 3.97993E-03
      41  2.14007E+00 1.30266E-05 3.98916E-03
      42  2.14357E+00 1.31300E-05 3.99842E-03
      43  2.14707E+00 1.32343E-05 4.00769E-03
      44  2.15057E+00 1.33391E-05 4.01698E-03
      45  2.15407E+00 1.34448E-05 4.02629E-03
      46  2.15757E+00 1.35512E-05 4.03561E-03
      47  2.16108E+00 1.36583E-05 4.04496E-03
      48  2.16458E+00 1.37661E-05 4.05432E-03
      49  2.16808E+00 1.38746E-05 4.06370E-03
      50  2.17158E+00 1.39840E-05 4.07310E-03
      51  2.17508E+00 1.40941E-05 4.08252E-03
      52  2.17858E+00 1.42050E-05 4.09195E-03
      53  2.18209E+00 1.43166E-05 4.10141E-03
      54  2.18559E+00 1.44290E-05 4.11088E-03
      55  2.18909E+00 1.45423E-05 4.12038E-03
      56  2.19259E+00 1.46563E-05 4.12989E-03
      57  2.19609E+00 1.47710E-05 4.13942E-03
      58  2.19959E+00 1.48865E-05 4.14897E-03
      59  2.20310E+00 1.50028E-05 4.15854E-03
      60  2.20660E+00 1.51200E-05 4.16813E-03
      61  2.21010E+00 1.52380E-05 4.17774E-03
      62  2.21360E+00 1.53568E-05 4.18737E-03
      63  2.21710E+00 1.54763E-05 4.19702E-03
      64  2.22060E+00 1.55967E-05 4.20669E-03
      65  2.22411E+00 1.57181E-05 4.21638E-03
      66  2.22761E+00 1.58401E-05 4.22608E-03
      67  2.23111E+00 1.59629E-05 4.23581E-03
      68  2.23461E+00 1.60867E-05 4.24556E-03
      69  2.23811E+00 1.62113E-05 4.25532E-03
      70  2.24161E+00 1.63369E-05 4.26511E-03
      71  2.24512E+00 1.64632E-05 4.27492E-03
      72  2.24862E+00 1.65904E-05 4.28475E-03
      73  2.25212E+00 1.67184E-05 4.29460E-03
      74  2.25562E+00 1.68474E-05 4.30447E-03
      75  2.25912E+00 1.69772E-05 4.31436E-03
      76  2.26262E+00 1.71080E-05 4.32427E-03
      77  2.26613E+00 1.72396E-05 4.33420E-03
      78  2.26963E+00 1.73722E-05 4.34415E-03
      79  2.27313E+00 1.75057E-05 4.35413E-03
      80  2.27663E+00 1.76401E-05 4.36412E-03
      81  2.28013E+00 1.77753E-05 4.37414E-03
      82  2.28363E+00 1.79115E-05 4.38417E-03
      83  2.28714E+00 1.80488E-05 4.39423E-03
      84  2.29064E+00 1.81867E-05 4.40431E-03
      85  2.29414E+00 1.83258E-05 4.41441E-03
      86  2.29764E+00 1.84658E-05 4.42454E-03
      87  2.30114E+00 1.86067E-05 4.43468E-03
      88  2.30464E+00 1.87486E-05 4.44485E-03
      89  2.30815E+00 1.88914E-05 4.45504E-03
      90  2.31165E+00 1.90354E-05 4.46525E-03
      91  2.31515E+00 1.91803E-05 4.47548E-03
      92  2.31865E+00 1.93261E-05 4.48574E-03
      93  2.32215E+00 1.94728E-05 4.49602E-03
      94  2.32565E+00 1.96208E-05 4.50632E-03
      95  2.32916E+00 1.97695E-05 4.51664E-03
      96  2.33266E+00 1.99195E-05 4.52698E-03
      97  2.33616E+00 2.00703E-05 4.53735E-03
      98  2.33966E+00 2.02222E-05 4.54774E-03
      99  2.34316E+00 2.03751E-05 4.55816E-03
     100  2.34666E+00 2.05292E-05 4.56859E-03
     101  2.35017E+00 2.06842E-05 4.57905E-03
     102  2.35367E+00 2.08402E-05 4.58954E-03
     103  2.35717E+00 2.09974E-05 4.60004E-03
     104  2.36067E+00 2.11558E-05 4.61057E-03
     105  2.36417E+00 2.13150E-05 4.62113E-03
     106  2.36767E+00 2.14753E-05 4.63171E-03
     107  2.37118E+00 2.16369E-05 4.64231E-03
     108  2.37468E+00 2.17995E-05 4.65293E-03
     109  2.37818E+00 2.19632E-05 4.66358E-03
     110  2.38168E+00 2.21280E-05 4.67425E-03
     111  2.38518E+00 2.22941E-05 4.68495E-03
     112  2.38868E+00 2.24612E-05 4.69567E-03
     113  2.39219E+00 2.26294E-05 4.70642E-03
     114  2.39569E+00 2.27987E-05 4.71719E-03
     115  2.39919E+00 2.29692E-05 4.72799E-03
     116  2.40269E+00 2.31409E-05 4.73881E-03
     117  2.40619E+00 2.33137E-05 4.74965E-03
     118  2.40969E+00 2.34876E-05 4.76052E-03
     119  2.41320E+00 2.36629E-05 4.77142E-03
     120  2.41670E+00 2.38392E-05 4.78234E-03
     121  2.42020E+00 2.40169E-05 4.79329E-03
     122  2.42370E+00 2.41958E-05 4.80426E-03
     123  2.42720E+00 2.43758E-05 4.81526E-03
     124  2.43070E+00 2.45570E-05 4.82628E-03
     125  2.43421E+00 2.47394E-05 4.83733E-03
     126  2.43771E+00 2.49232E-05 4.84840E-03
     127  2.44121E+00 2.51081E-05 4.85950E-03
     128  2.44471E+00 2.52943E-05 4.87063E-03
     129  2.44821E+00 2.54818E-05 4.88178E-03
     130  2.45171E+00 2.56706E-05 4.89296E-03
     131  2.45521E+00 2.58607E-05 4.90417E-03
     132  2.45872E+00 2.60521E-05 4.91540E-03
     133  2.46222E+00 2.62447E-05 4.92666E-03
     134  2.46572E+00 2.64387E-05 4.93795E-03
     135  2.46922E+00 2.66339E-05 4.94926E-03
     136  2.47272E+00 2.68305E-05 4.96060E-03
     137  2.47622E+00 2.70284E-05 4.97197E-03
     138  2.47973E+00 2.72278E-05 4.98337E-03
     139  2.48323E+00 2.74285E-05 4.99479E-03
     140  2.48673E+00 2.76304E-05 5.00624E-03
     141  2.49023E+00 2.78338E-05 5.01772E-03
     142  2.49373E+00 2.80386E-05 5.02923E-03
     143  2.49723E+00 2.82447E-05 5.04076E-03
     144  2.50074E+00 2.84522E-05 5.05233E-03
     145  2.50424E+00 2.86610E-05 5.06392E-03
     146  2.50774E+00 2.88714E-05 5.07554E-03
     147  2.51124E+00 2.90833E-05 5.08719E-03
     148  2.51474E+00 2.92966E-05 5.09887E-03
     149  2.51824E+00 2.95112E-05 5.11057E-03
     150  2.52175E+00 2.97274E-05 5.12231E-03
     151  2.52525E+00 2.99450E-05 5.13407E-03
     152  2.52875E+00 3.01643E-05 5.14587E-03
     153  2.53225E+00 3.03847E-05 5.15769E-03
     154  2.53575E+00 3.06066E-05 5.16955E-03
     155  2.53925E+00 3.08304E-05 5.18143E-03
     156  2.54276E+00 3.10555E-05 5.19334E-03
     157  2.54626E+00 3.12821E-05 5.20528E-03
     158  2.54976E+00 3.15103E-05 5.21726E-03
     159  2.55326E+00 3.17400E-05 5.22926E-03
     160  2.55676E+00 3.19713E-05 5.24130E-03
     161  2.56026E+00 3.22042E-05 5.25336E-03
     162  2.56377E+00 3.24387E-05 5.26546E-03
     163  2.56727E+00 3.26747E-05 5.27758E-03
     164  2.57077E+00 3.29124E-05 5.28974E-03
     165  2.57427E+00 3.31517E-05 5.30193E-03
     166  2.57777E+00 3.33925E-05 5.31415E-03
     167  2.58127E+00 3.36351E-05 5.32640E-03
     168  2.58478E+00 3.38795E-05 5.33869E-03
     169  2.58828E+00 3.41253E-05 5.35100E-03
     170  2.59178E+00 3.43728E-05 5.36335E-03
     171  2.59528E+00 3.46219E-05 5.37573E-03
     172  2.59878E+00 3.48729E-05 5.38814E-03
     173  2.60228E+00 3.51253E-05 5.40059E-03
     174  2.60579E+00 3.53798E-05 5.41307E-03
     175  2.60929E+00 3.56359E-05 5.42558E-03
     176  2.61279E+00 3.58936E-05 5.43812E-03
     177  2.61629E+00 3.61532E-05 5.45070E-03
     178  2.61979E+00 3.64144E-05 5.46330E-03
     179  2.62329E+00 3.66776E-05 5.47595E-03
     180  2.62680E+00 3.69426E-05 5.48863E-03
     181  2.63030E+00 3.72092E-05 5.50134E-03
     182  2.63380E+00 3.74778E-05 5.51408E-03
     183  2.63730E+00 3.77481E-05 5.52686E-03
     184  2.64080E+00 3.80204E-05 5.53967E-03
     185  2.64430E+00 3.82944E-05 5.55252E-03
     186  2.64781E+00 3.85705E-05 5.56540E-03
     187  2.65131E+00 3.88480E-05 5.57832E-03
     188  2.65481E+00 3.91278E-05 5.59127E-03
     189  2.65831E+00 3.94092E-05 5.60426E-03
     190  2.66181E+00 3.96929E-05 5.61728E-03
     191  2.66531E+00 3.99786E-05 5.63034E-03
     192  2.66882E+00 4.02658E-05 5.64344E-03
     193  2.67232E+00 4.05552E-05 5.65657E-03
     194  2.67582E+00 4.08465E-05 5.66973E-03
     195  2.67932E+00 4.11400E-05 5.68294E-03
     196  2.68282E+00 4.14353E-05 5.69618E-03
     197  2.68632E+00 4.17327E-05 5.70945E-03
     198  2.68983E+00 4.20321E-05 5.72277E-03
     199  2.69333E+00 4.23337E-05 5.73612E-03
     200  2.69683E+00 4.26371E-05 5.74950E-03
     201  2.70033E+00 4.29426E-05 5.76293E-03
     202  2.70383E+00 4.32504E-05 5.77639E-03
     203  2.70733E+00 4.35599E-05 5.78989E-03
     204  2.71084E+00 4.38719E-05 5.80343E-03
     205  2.71434E+00 4.41860E-05 5.81701E-03
     206  2.71784E+00 4.45020E-05 5.83062E-03
     207  2.72134E+00 4.48206E-05 5.84428E-03
     208  2.72484E+00 4.51412E-05 5.85797E-03
     209  2.72834E+00 4.54640E-05 5.87170E-03
     210  2.73185E+00 4.57888E-05 5.88547E-03
     211  2.73535E+00 4.61161E-05 5.89928E-03
     212  2.73885E+00 4.64454E-05 5.91313E-03
     213  2.74235E+00 4.67772E-05 5.92702E-03
     214  2.74585E+00 4.71109E-05 5.94095E-03
     215  2.74935E+00 4.74474E-05 5.95492E-03
     216  2.75286E+00 4.77858E-05 5.96893E-03
     217  2.75636E+00 4.81269E-05 5.98298E-03
     218  2.75986E+00 4.84701E-05 5.99708E-03
     219  2.76336E+00 4.88158E-05 6.01121E-03
     220  2.76686E+00 4.91637E-05 6.02538E-03
     221  2.77036E+00 4.95141E-05 6.03960E-03
     222  2.77387E+00 4.98668E-05 6.05386E-03
     223  2.77737E+00 5.02223E-05 6.06816E-03
     224  2.78087E+00 5.05799E-05 6.08250E-03
     225  2.78437E+00 5.09399E-05 6.09689E-03
     226  2.78787E+00 5.13028E-05 6.11132E-03
     227  2.79137E+00 5.16678E-05 6.12579E-03
     228  2.79488E+00 5.20353E-05 6.14030E-03
     229  2.79838E+00 5.24056E-05 6.15486E-03
     230  2.80188E+00 5.27784E-05 6.16946E-03
     231  2.80538E+00 5.31533E-05 6.18411E-03
     232  2.80888E+00 5.35312E-05 6.19880E-03
     233  2.81238E+00 5.39118E-05 6.21353E-03
     234  2.81589E+00 5.42951E-05 6.22831E-03
     235  2.81939E+00 5.46808E-05 6.24313E-03
     236  2.82289E+00 5.50694E-05 6.25800E-03
     237  2.82639E+00 5.54607E-05 6.27292E-03
     238  2.82989E+00 5.58547E-05 6.28788E-03
     239  2.83339E+00 5.62512E-05 6.30288E-03
     240  2.83690E+00 5.66504E-05 6.31793E-03
     241  2.84040E+00 5.70524E-05 6.33303E-03
     242  2.84390E+00 5.74575E-05 6.34818E-03
     243  2.84740E+00 5.78649E-05 6.36337E-03
     244  2.85090E+00 5.82757E-05 6.37861E-03
     245  2.85440E+00 5.86890E-05 6.39389E-03
     246  2.85791E+00 5.91056E-05 6.40923E-03
     247  2.86141E+00 5.95248E-05 6.42461E-03
     248  2.86491E+00 5.99467E-05 6.44004E-03
     249  2.86841E+00 6.03718E-05 6.45552E-03
     250  2.87191E+00 6.07998E-05 6.47105E-03
     251  2.87541E+00 6.12304E-05 6.48662E-03
     252  2.87892E+00 6.16648E-05 6.50225E-03
     253  2.88242E+00 6.21021E-05 6.51793E-03
     254  2.88592E+00 6.25418E-05 6.53365E-03
     255  2.88942E+00 6.29848E-05 6.54943E-03
     256  2.89292E+00 6.34311E-05 6.56525E-03
     257  2.89642E+00 6.38805E-05 6.58113E-03
     258  2.89992E+00 6.43331E-05 6.59706E-03
     259  2.90343E+00 6.47889E-05 6.61304E-03
     260  2.90693E+00 6.52476E-05 6.62907E-03
     261  2.91043E+00 6.57095E-05 6.64515E-03
     262  2.91393E+00 6.61748E-05 6.66128E-03
     263  2.91743E+00 6.66436E-05 6.67747E-03
     264  2.92093E+00 6.71156E-05 6.69371E-03
     265  2.92444E+00 6.75910E-05 6.71001E-03
     266  2.92794E+00 6.80692E-05 6.72635E-03
     267  2.93144E+00 6.85511E-05 6.74276E-03
     268  2.93494E+00 6.90365E-05 6.75921E-03
     269  2.93844E+00 6.95249E-05 6.77572E-03
     270  2.94194E+00 7.00172E-05 6.79228E-03
     271  2.94545E+00 7.05127E-05 6.80890E-03
     272  2.94895E+00 7.10119E-05 6.82558E-03
     273  2.95245E+00 7.15144E-05 6.84231E-03
     274  2.95595E+00 7.20209E-05 6.85909E-03
     275  2.95945E+00 7.25306E-05 6.87593E-03
     276  2.96295E+00 7.30441E-05 6.89283E-03
     277  2.96646E+00 7.35613E-05 6.90979E-03
     278  2.96996E+00 7.40817E-05 6.92680E-03
     279  2.97346E+00 7.46061E-05 6.94387E-03
     280  2.97696E+00 7.51338E-05 6.96100E-03
     281  2.98046E+00 7.56655E-05 6.97819E-03
     282  2.98396E+00 7.62011E-05 6.99543E-03
     283  2.98747E+00 7.67407E-05 7.01274E-03
     284  2.99097E+00 7.72840E-05 7.03011E-03
     285  2.99447E+00 7.78312E-05 7.04753E-03
     286  2.99797E+00 7.83820E-05 7.06501E-03
     287  3.00147E+00 7.89369E-05 7.08256E-03 1
     288  3.00497E+00 7.94958E-05 7.10017E-03
     289  3.00848E+00 8.00582E-05 7.11783E-03
     290  3.01198E+00 8.06253E-05 7.13556E-03
     291  3.01548E+00 8.11962E-05 7.15335E-03
     292  3.01898E+00 8.17711E-05 7.17120E-03
     293  3.02248E+00 8.23503E-05 7.18912E-03
     294  3.02598E+00 8.29338E-05 7.20710E-03
     295  3.02949E+00 8.35208E-05 7.22514E-03
     296  3.03299E+00 8.41126E-05 7.24325E-03
     297  3.03649E+00 8.47087E-05 7.26142E-03
     298  3.03999E+00 8.53088E-05 7.27965E-03
     299  3.04349E+00 8.59133E-05 7.29795E-03
     300  3.04699E+00 8.65223E-05 7.31632E-03
     301  3.05050E+00 8.71354E-05 7.33475E-03
     302  3.05400E+00 8.77530E-05 7.35325E-03
     303  3.05750E+00 8.83748E-05 7.37181E-03
     304  3.06100E+00 8.90016E-05 7.39045E-03
     305  3.06450E+00 8.96327E-05 7.40915E-03
     306  3.06800E+00 9.02685E-05 7.42791E-03
     307  3.07151E+00 9.09084E-05 7.44675E-03
     308  3.07501E+00 9.15535E-05 7.46565E-03
     309  3.07851E+00 9.22025E-05 7.48463E-03
     310  3.08201E+00 9.28569E-05 7.50367E-03
     311  3.08551E+00 9.35162E-05 7.52279E-03
     312  3.08901E+00 9.41797E-05 7.54197E-03
     313  3.09252E+00 9.48485E-05 7.56122E-03
     314  3.09602E+00 9.55221E-05 7.58055E-03
     315  3.09952E+00 9.62004E-05 7.59995E-03
     316  3.10302E+00 9.68837E-05 7.61942E-03
     317  3.10652E+00 9.75725E-05 7.63897E-03
     318  3.11002E+00 9.82655E-05 7.65858E-03
     319  3.11353E+00 9.89639E-05 7.67828E-03
     320  3.11703E+00 9.96676E-05 7.69804E-03
     321  3.12053E+00 1.00376E-04 7.71788E-03
     322  3.12403E+00 1.01090E-04 7.73780E-03
     323  3.12753E+00 1.01809E-04 7.75779E-03
     324  3.13103E+00 1.02534E-04 7.77786E-03
     325  3.13454E+00 1.03263E-04 7.79800E-03
     326  3.13804E+00 1.03998E-04 7.81823E-03
     327  3.14154E+00 1.04739E-04 7.83852E-03
     328  3.14504E+00 1.05485E-04 7.85890E-03
     329  3.14854E+00 1.06236E-04 7.87936E-03
     330  3.15204E+00 1.06993E-04 7.89990E-03
     331  3.15555E+00 1.07756E-04 7.92051E-03
     332  3.15905E+00 1.08523E-04 7.94121E-03
     333  3.16255E+00 1.09298E-04 7.96199E-03
     334  3.16605E+00 1.10077E-04 7.98284E-03
     335  3.16955E+00 1.10863E-04 8.00379E-03
     336  3.17305E+00 1.11654E-04 8.02481E-03
     337  3.17656E+00 1.12451E-04 8.04592E-03
     338  3.18006E+00 1.13255E-04 8.06711E-03
     339  3.18356E+00 1.14064E-04 8.08838E-03
     340  3.18706E+00 1.14878E-04 8.10974E-03
     341  3.19056E+00 1.15699E-04 8.13118E-03
     342  3.19406E+00 1.16527E-04 8.15271E-03
     343  3.19757E+00 1.17361E-04 8.17433E-03
     344  3.20107E+00 1.18201E-04 8.19603E-03
     345  3.20457E+00 1.19046E-04 8.21783E-03
     346  3.20807E+00 1.19899E-04 8.23971E-03
     347  3.21157E+00 1.20758E-04 8.26168E-03
     348  3.21507E+00 1.21623E-04 8.28374E-03
     349  3.21858E+00 1.22495E-04 8.30588E-03
     350  3.22208E+00 1.23373E-04 8.32812E-03
     351  3.22558E+00 1.24259E-04 8.35045E-03
     352  3.22908E+00 1.25150E-04 8.37287E-03
     353  3.23258E+00 1.26048E-04 8.39539E-03
     354  3.23608E+00 1.26953E-04 8.41800E-03
     355  3.23959E+00 1.27867E-04 8.44071E-03
     356  3.24309E+00 1.28786E-04 8.46350E-03
     357  3.24659E+00 1.29711E-04 8.48639E-03
     358  3.25009E+00 1.30645E-04 8.50938E-03
     359  3.25359E+00 1.31585E-04 8.53247E-03
     360  3.25709E+00 1.32532E-04 8.55565E-03
     361  3.26060E+00 1.33487E-04 8.57893E-03
     362  3.26410E+00 1.34449E-04 8.60231E-03
     363  3.26760E+00 1.35418E-04 8.62579E-03
     364  3.27110E+00 1.36394E-04 8.64937E-03
     365  3.27460E+00 1.37378E-04 8.67304E-03
     366  3.27810E+00 1.38371E-04 8.69683E-03
     367  3.28161E+00 1.39370E-04 8.72071E-03
     368  3.28511E+00 1.40377E-04 8.74470E-03
     369  3.28861E+00 1.41393E-04 8.76879E-03
     370  3.29211E+00 1.42415E-04 8.79298E-03
     371  3.29561E+00 1.43445E-04 8.81728E-03
     372  3.29911E+00 1.44484E-04 8.84169E-03
     373  3.30262E+00 1.45531E-04 8.86620E-03
     374  3.30612E+00 1.46587E-04 8.89083E-03
     375  3.30962E+00 1.47649E-04 8.91555E-03
     376  3.31312E+00 1.48720E-04 8.94039E-03
     377  3.31662E+00 1.49800E-04 8.96534E-03
     378  3.32012E+00 1.50887E-04 8.99040E-03
     379  3.32363E+00 1.51985E-04 9.01557E-03
     380  3.32713E+00 1.53090E-04 9.04085E-03
     381  3.33063E+00 1.54203E-04 9.06625E-03
     382  3.33413E+00 1.55326E-04 9.09176E-03
     383  3.33763E+00 1.56458E-04 9.11739E-03
     384  3.34113E+00 1.57598E-04 9.14313E-03
     385  3.34464E+00 1.58747E-04 9.16898E-03
     386  3.34814E+00 1.59907E-04 9.19496E-03
     387  3.35164E+00 1.61074E-04 9.22106E-03
     388  3.35514E+00 1.62251E-04 9.24727E-03
     389  3.35864E+00 1.63437E-04 9.27360E-03
     390  3.36214E+00 1.64633E-04 9.30006E-03
     391  3.36564E+00 1.65837E-04 9.32663E-03
     392  3.36915E+00 1.67053E-04 9.35334E-03
     393  3.37265E+00 1.68277E-04 9.38016E-03
     394  3.37615E+00 1.69512E-04 9.40712E-03
     395  3.37965E+00 1.70756E-04 9.43419E-03
     396  3.38315E+00 1.72009E-04 9.46139E-03
     397  3.38665E+00 1.73273E-04 9.48872E-03
     398  3.39016E+00 1.74547E-04 9.51618E-03
     399  3.39366E+00 1.75834E-04 9.54377E-03
     400  3.39716E+00 1.77127E-04 9.57149E-03
     401  3.40066E+00 1.78434E-04 9.59935E-03
     402  3.40416E+00 1.79750E-04 9.62733E-03
     403  3.40766E+00 1.81076E-04 9.65545E-03
     404  3.41117E+00 1.82414E-04 9.68371E-03
     405  3.41467E+00 1.83762E-04 9.71210E-03
     406  3.41817E+00 1.85121E-04 9.74062E-03
     407  3.42167E+00 1.86490E-04 9.76929E-03
     408  3.42517E+00 1.87873E-04 9.79809E-03
     409  3.42867E+00 1.89266E-04 9.82704E-03
     410  3.43218E+00 1.90670E-04 9.85613E-03
     411  3.43568E+00 1.92087E-04 9.88536E-03
     412  3.43918E+00 1.93515E-04 9.91474E-03
     413  3.44268E+00 1.94954E-04 9.94426E-03
     414  3.44618E+00 1.96406E-04 9.97393E-03
     415  3.44968E+00 1.97868E-04 1.00037E-02
     416  3.45319E+00 1.99343E-04 1.00337E-02
     417  3.45669E+00 2.00831E-04 1.00638E-02
     418  3.46019E+00 2.02330E-04 1.00941E-02
     419  3.46369E+00 2.03842E-04 1.01245E-02
     420  3.46719E+00 2.05368E-04 1.01551E-02
     421  3.47069E+00 2.06905E-04 1.01858E-02
     422  3.47420E+00 2.08457E-04 1.02167E-02
     423  3.47770E+00 2.10021E-04 1.02477E-02
     424  3.48120E+00 2.11597E-04 1.02789E-02
     425  3.48470E+00 2.13188E-04 1.03103E-02
     426  3.48820E+00 2.14791E-04 1.03418E-02
     427  3.49170E+00 2.16408E-04 1.03735E-02
     428  3.49521E+00 2.18040E-04 1.04053E-02
     429  3.49871E+00 2.19685E-04 1.04373E-02
     430  3.50221E+00 2.21343E-04 1.04695E-02
     431  3.50571E+00 2.23015E-04 1.05019E-02
     432  3.50921E+00 2.24700E-04 1.05344E-02
     433  3.51271E+00 2.26401E-04 1.05671E-02
     434  3.51622E+00 2.28117E-04 1.06000E-02
     435  3.51972E+00 2.29846E-04 1.06330E-02
     436  3.52322E+00 2.31592E-04 1.06662E-02
     437  3.52672E+00 2.33352E-04 1.06996E-02
     438  3.53022E+00 2.35126E-04 1.07332E-02
     439  3.53372E+00 2.36917E-04 1.07669E-02
     440  3.53723E+00 2.38722E-04 1.08009E-02
     441  3.54073E+00 2.40545E-04 1.08350E-02
     442  3.54423E+00 2.42382E-04 1.08693E-02
     443  3.54773E+00 2.44236E-04 1.09038E-02
     444  3.55123E+00 2.46106E-04 1.09385E-02
     445  3.55473E+00 2.47993E-04 1.09733E-02
     446  3.55824E+00 2.49895E-04 1.10084E-02
     447  3.56174E+00 2.51814E-04 1.10436E-02
     448  3.56524E+00 2.53750E-04 1.10791E-02
     449  3.56874E+00 2.55705E-04 1.11147E-02
     450  3.57224E+00 2.57677E-04 1.11506E-02
     451  3.57574E+00 2.59663E-04 1.11866E-02
     452  3.57925E+00 2.61671E-04 1.12229E-02
     453  3.58275E+00 2.63694E-04 1.12593E-02
     454  3.58625E+00 2.65737E-04 1.12960E-02
     455  3.58975E+00 2.67798E-04 1.13329E-02
     456  3.59325E+00 2.69877E-04 1.13700E-02
     457  3.59675E+00 2.71975E-04 1.14073E-02
     458  3.60026E+00 2.74092E-04 1.14448E-02
     459  3.60376E+00 2.76227E-04 1.14825E-02
     460  3.60726E+00 2.78383E-04 1.15204E-02
     461  3.61076E+00 2.80556E-04 1.15586E-02
     462  3.61426E+00 2.82751E-04 1.15970E-02
     463  3.61776E+00 2.84966E-04 1.16356E-02
     464  3.62127E+00 2.87203E-04 1.16744E-02
     465  3.62477E+00 2.89457E-04 1.17135E-02
     466  3.62827E+00 2.91731E-04 1.17528E-02
     467  3.63177E+00 2.94031E-04 1.17923E-02
     468  3.63527E+00 2.96349E-04 1.18321E-02
     469  3.63877E+00 2.98690E-04 1.18721E-02
     470  3.64228E+00 3.01050E-04 1.19123E-02
     471  3.64578E+00 3.03435E-04 1.19528E-02
     472  3.64928E+00 3.05841E-04 1.19935E-02
     473  3.65278E+00 3.08268E-04 1.20345E-02
     474  3.65628E+00 3.10722E-04 1.20757E-02
     475  3.65978E+00 3.13194E-04 1.21172E-02
     476  3.66329E+00 3.15692E-04 1.21589E-02
     477  3.66679E+00 3.18215E-04 1.22009E-02
     478  3.67029E+00 3.20761E-04 1.22432E-02
     479  3.67379E+00 3.23329E-04 1.22857E-02
     480  3.67729E+00 3.25925E-04 1.23285E-02
     481  3.68079E+00 3.28542E-04 1.23715E-02
     482  3.68430E+00 3.31186E-04 1.24148E-02
     483  3.68780E+00 3.33856E-04 1.24584E-02
     484  3.69130E+00 3.36553E-04 1.25022E-02
     485  3.69480E+00 3.39272E-04 1.25464E-02
     486  3.69830E+00 3.42020E-04 1.25908E-02
     487  3.70180E+00 3.44793E-04 1.26355E-02
     488  3.70531E+00 3.47596E-04 1.26805E-02
     489  3.70881E+00 3.50426E-04 1.27258E-02
     490  3.71231E+00 3.53282E-04 1.27713E-02
     491  3.71581E+00 3.56166E-04 1.28172E-02
     492  3.71931E+00 3.59077E-04 1.28634E-02
     493  3.72281E+00 3.62020E-04 1.29098E-02
     494  3.72632E+00 3.64990E-04 1.29566E-02
     495  3.72982E+00 3.67993E-04 1.30037E-02
     496  3.73332E+00 3.71020E-04 1.30511E-02
     497  3.73682E+00 3.74083E-04 1.30988E-02
     498  3.74032E+00 3.77173E-04 1.31468E-02
     499  3.74382E+00 3.80298E-04 1.31951E-02
     500  3.74733E+00 3.83449E-04 1.32438E-02
     501  3.75083E+00 3.86638E-04 1.32928E-02
     502  3.75433E+00 3.89858E-04 1.33421E-02
     503  3.75783E+00 3.93109E-04 1.33918E-02
     504  3.76133E+00 3.96394E-04 1.34418E-02
     505  3.76483E+00 3.99709E-04 1.34921E-02
     506  3.76834E+00 4.03061E-04 1.35428E-02
     507  3.77184E+00 4.06450E-04 1.35939E-02
     508  3.77534E+00 4.09873E-04 1.36453E-02
     509  3.77884E+00 4.13331E-04 1.36970E-02
     510  3.78234E+00 4.16824E-04 1.37491E-02
     511  3.78584E+00 4.20353E-04 1.38016E-02
     512  3.78935E+00 4.23922E-04 1.38545E-02
     513  3.79285E+00 4.27525E-04 1.39077E-02
     514  3.79635E+00 4.31168E-04 1.39613E-02
     515  3.79985E+00 4.34849E-04 1.40153E-02
     516  3.80335E+00 4.38571E-04 1.40697E-02
     517  3.80685E+00 4.42334E-04 1.41245E-02
     518  3.81035E+00 4.46131E-04 1.41796E-02
     519  3.81386E+00 4.49972E-04 1.42352E-02
     520  3.81736E+00 4.53857E-04 1.42912E-02
     521  3.82086E+00 4.57784E-04 1.43476E-02
     522  3.82436E+00 4.61746E-04 1.44043E-02
     523  3.82786E+00 4.65758E-04 1.44616E-02
     524  3.83136E+00 4.69812E-04 1.45192E-02
     525  3.83487E+00 4.73909E-04 1.45773E-02
     526  3.83837E+00 4.78055E-04 1.46358E-02
     527  3.84187E+00 4.82240E-04 1.46947E-02
     528  3.84537E+00 4.86483E-04 1.47541E-02
     529  3.84887E+00 4.90766E-04 1.48140E-02
     530  3.85237E+00 4.95098E-04 1.48743E-02
     531  3.85588E+00 4.99476E-04 1.49350E-02
     532  3.85938E+00 5.03902E-04 1.49963E-02
     533  3.86288E+00 5.08381E-04 1.50580E-02
     534  3.86638E+00 5.12915E-04 1.51202E-02
     535  3.86988E+00 5.17498E-04 1.51828E-02
     536  3.87338E+00 5.22127E-04 1.52460E-02
     537  3.87689E+00 5.26811E-04 1.53096E-02
     538  3.88039E+00 5.31552E-04 1.53738E-02
     539  3.88389E+00 5.36352E-04 1.54384E-02
     540  3.88739E+00 5.41207E-04 1.55036E-02
     541  3.89089E+00 5.46112E-04 1.55693E-02
     542  3.89439E+00 5.51081E-04 1.56356E-02
     543  3.89790E+00 5.56105E-04 1.57023E-02
     544  3.90140E+00 5.61186E-04 1.57696E-02
     545  3.90490E+00 5.66328E-04 1.58375E-02
     546  3.90840E+00 5.71531E-04 1.59059E-02
     547  3.91190E+00 5.76803E-04 1.59749E-02
     548  3.91540E+00 5.82127E-04 1.60444E-02
     549  3.91891E+00 5.87526E-04 1.61145E-02
     550  3.92241E+00 5.92984E-04 1.61852E-02
     551  3.92591E+00 5.98507E-04 1.62565E-02
     552  3.92941E+00 6.04096E-04 1.63284E-02
     553  3.93291E+00 6.09761E-04 1.64010E-02
     554  3.93641E+00 6.15491E-04 1.64741E-02
     555  3.93992E+00 6.21292E-04 1.65478E-02
     556  3.94342E+00 6.27166E-04 1.66222E-02
     557  3.94692E+00 6.33114E-04 1.66973E-02
     558  3.95042E+00 6.39136E-04 1.67730E-02
     559  3.95392E+00 6.45232E-04 1.68493E-02
     560  3.95742E+00 6.51414E-04 1.69263E-02
     561  3.96093E+00 6.57661E-04 1.70040E-02
     562  3.96443E+00 6.63997E-04 1.70824E-02
     563  3.96793E+00 6.70409E-04 1.71615E-02
     564  3.97143E+00 6.76907E-04 1.72413E-02
     565  3.97493E+00 6.83485E-04 1.73218E-02
     566  3.97843E+00 6.90156E-04 1.74030E-02
     567  3.98194E+00 6.96903E-04 1.74850E-02
     568  3.98544E+00 7.03753E-04 1.75677E-02
     569  3.98894E+00 7.10682E-04 1.76512E-02
     570  3.99244E+00 7.17703E-04 1.77354E-02
     571  3.99594E+00 7.24821E-04 1.78204E-02
     572  3.99944E+00 7.32030E-04 1.79063E-02 1
     573  4.00295E+00 7.39332E-04 1.79928E-02
     574  4.00645E+00 7.46740E-04 1.80803E-02
     575  4.00995E+00 7.54241E-04 1.81686E-02
     576  4.01345E+00 7.61840E-04 1.82577E-02
     577  4.01695E+00 7.69560E-04 1.83477E-02
     578  4.02046E+00 7.77376E-04 1.84385E-02
     579  4.02396E+00 7.85297E-04 1.85302E-02
     580  4.02746E+00 7.93326E-04 1.86228E-02
     581  4.03096E+00 8.01471E-04 1.87163E-02
     582  4.03446E+00 8.09732E-04 1.88107E-02
     583  4.03796E+00 8.18109E-04 1.89061E-02
     584  4.04147E+00 8.26597E-04 1.90024E-02
     585  4.04497E+00 8.35211E-04 1.90997E-02
     586  4.04847E+00 8.43964E-04 1.91980E-02
     587  4.05197E+00 8.52829E-04 1.92972E-02
     588  4.05547E+00 8.61827E-04 1.93975E-02
     589  4.05898E+00 8.70951E-04 1.94987E-02
     590  4.06248E+00 8.80222E-04 1.96011E-02
     591  4.06598E+00 8.89625E-04 1.97044E-02
     592  4.06948E+00 8.99165E-04 1.98089E-02
     593  4.07298E+00 9.08846E-04 1.99145E-02
     594  4.07649E+00 9.18672E-04 2.00211E-02
     595  4.07999E+00 9.28649E-04 2.01289E-02
     596  4.08349E+00 9.38790E-04 2.02379E-02
     597  4.08699E+00 9.49065E-04 2.03480E-02
     598  4.09049E+00 9.59499E-04 2.04592E-02
     599  4.09400E+00 9.70108E-04 2.05717E-02
     600  4.09750E+00 9.80889E-04 2.06855E-02
     601  4.10100E+00 9.91825E-04 2.08004E-02
     602  4.10450E+00 1.00293E-03 2.09167E-02
     603  4.10800E+00 1.01422E-03 2.10342E-02
     604  4.11150E+00 1.02569E-03 2.11531E-02
     605  4.11501E+00 1.03734E-03 2.12732E-02
     606  4.11851E+00 1.04919E-03 2.13948E-02
     607  4.12201E+00 1.06121E-03 2.15177E-02
     608  4.12551E+00 1.07345E-03 2.16420E-02
     609  4.12901E+00 1.08588E-03 2.17678E-02
     610  4.13252E+00 1.09853E-03 2.18950E-02
     611  4.13602E+00 1.11137E-03 2.20237E-02
     612  4.13952E+00 1.12443E-03 2.21539E-02
     613  4.14302E+00 1.13773E-03 2.22857E-02
     614  4.14652E+00 1.15124E-03 2.24190E-02
     615  4.15003E+00 1.16498E-03 2.25539E-02
     616  4.15353E+00 1.17897E-03 2.26905E-02
     617  4.15703E+00 1.19319E-03 2.28287E-02
     618  4.16053E+00 1.20766E-03 2.29686E-02
     619  4.16403E+00 1.22239E-03 2.31102E-02
     620  4.16753E+00 1.23740E-03 2.32536E-02
     621  4.17104E+00 1.25266E-03 2.33987E-02
     622  4.17454E+00 1.26818E-03 2.35457E-02
     623  4.17804E+00 1.28402E-03 2.36945E-02
     624  4.18154E+00 1.30009E-03 2.38452E-02
     625  4.18504E+00 1.31650E-03 2.39979E-02
     626  4.18855E+00 1.33322E-03 2.41525E-02
     627  4.19205E+00 1.35024E-03 2.43091E-02
     628  4.19555E+00 1.36756E-03 2.44678E-02
     629  4.19905E+00 1.38523E-03 2.46286E-02
     630  4.20255E+00 1.40321E-03 2.47914E-02
     631  4.20606E+00 1.42156E-03 2.49565E-02
     632  4.20956E+00 1.44027E-03 2.51238E-02
     633  4.21306E+00 1.45932E-03 2.52933E-02
     634  4.21656E+00 1.47878E-03 2.54652E-02
     635  4.22006E+00 1.49858E-03 2.56394E-02
     636  4.22357E+00 1.51881E-03 2.58161E-02
     637  4.22707E+00 1.53945E-03 2.59952E-02
     638  4.23057E+00 1.56049E-03 2.61768E-02
     639  4.23407E+00 1.58198E-03 2.63611E-02
     640  4.23757E+00 1.60390E-03 2.65479E-02
     641  4.24107E+00 1.62628E-03 2.67374E-02
     642  4.24458E+00 1.64911E-03 2.69296E-02
     643  4.24808E+00 1.67242E-03 2.71247E-02
     644  4.25158E+00 1.69626E-03 2.73227E-02
     645  4.25508E+00 1.72060E-03 2.75236E-02
     646  4.25858E+00 1.74547E-03 2.77275E-02
     647  4.26209E+00 1.77086E-03 2.79344E-02
     648  4.26559E+00 1.79683E-03 2.81445E-02
     649  4.26909E+00 1.82336E-03 2.83578E-02
     650  4.27259E+00 1.85051E-03 2.85744E-02
     651  4.27609E+00 1.87827E-03 2.87944E-02
     652  4.27960E+00 1.90665E-03 2.90179E-02
     653  4.28310E+00 1.93569E-03 2.92449E-02
     654  4.28660E+00 1.96540E-03 2.94754E-02
     655  4.29010E+00 1.99581E-03 2.97098E-02
     656  4.29360E+00 2.02691E-03 2.99479E-02
     657  4.29710E+00 2.05878E-03 3.01899E-02
     658  4.30061E+00 2.09143E-03 3.04359E-02
     659  4.30411E+00 2.12485E-03 3.06860E-02
     660  4.30761E+00 2.15909E-03 3.09403E-02
     661  4.31111E+00 2.19420E-03 3.11990E-02
     662  4.31461E+00 2.23018E-03 3.14620E-02
     663  4.31812E+00 2.26704E-03 3.17296E-02
     664  4.32162E+00 2.30487E-03 3.20018E-02
     665  4.32512E+00 2.34369E-03 3.22789E-02
     666  4.32862E+00 2.38347E-03 3.25608E-02
     667  4.33212E+00 2.42434E-03 3.28478E-02
     668  4.33563E+00 2.46626E-03 3.31400E-02
     669  4.33913E+00 2.50932E-03 3.34375E-02
     670  4.34263E+00 2.55352E-03 3.37404E-02
     671  4.34613E+00 2.59893E-03 3.40491E-02
     672  4.34963E+00 2.64566E-03 3.43635E-02
     673  4.35314E+00 2.69363E-03 3.46839E-02
     674  4.35664E+00 2.74299E-03 3.50104E-02
     675  4.36014E+00 2.79374E-03 3.53432E-02
     676  4.36364E+00 2.84594E-03 3.56826E-02
     677  4.36714E+00 2.89972E-03 3.60286E-02
     678  4.37064E+00 2.95503E-03 3.63816E-02
     679  4.37415E+00 3.01197E-03 3.67415E-02
     680  4.37765E+00 3.07064E-03 3.71089E-02
     681  4.38115E+00 3.13113E-03 3.74838E-02
     682  4.38465E+00 3.19351E-03 3.78666E-02
     683  4.38815E+00 3.25773E-03 3.82573E-02
     684  4.39166E+00 3.32409E-03 3.86563E-02
     685  4.39516E+00 3.39252E-03 3.90640E-02
     686  4.39866E+00 3.46309E-03 3.94804E-02
     687  4.40216E+00 3.53609E-03 3.99060E-02
     688  4.40566E+00 3.61147E-03 4.03411E-02
     689  4.40917E+00 3.68932E-03 4.07858E-02
     690  4.41267E+00 3.76984E-03 4.12408E-02
     691  4.41617E+00 3.85307E-03 4.17061E-02
     692  4.41967E+00 3.93925E-03 4.21823E-02
     693  4.42317E+00 4.02853E-03 4.26697E-02
     694  4.42667E+00 4.12091E-03 4.31686E-02
     695  4.43018E+00 4.21664E-03 4.36796E-02
     696  4.43368E+00 4.31585E-03 4.42030E-02
     697  4.43718E+00 4.41876E-03 4.47394E-02
     698  4.44068E+00 4.52565E-03 4.52893E-02
     699  4.44418E+00 4.63652E-03 4.58529E-02
     700  4.44769E+00 4.75168E-03 4.64312E-02
     701  4.45119E+00 4.87135E-03 4.70243E-02
     702  4.45469E+00 4.99560E-03 4.76330E-02
     703  4.45819E+00 5.12517E-03 4.82581E-02
     704  4.46169E+00 5.25990E-03 4.89000E-02
     705  4.46520E+00 5.40014E-03 4.95594E-02
     706  4.46870E+00 5.54634E-03 5.02372E-02
     707  4.47220E+00 5.69886E-03 5.09342E-02
     708  4.47570E+00 5.85812E-03 5.16510E-02
     709  4.47920E+00 6.02410E-03 5.23884E-02
     710  4.48271E+00 6.19774E-03 5.31477E-02
     711  4.48621E+00 6.37920E-03 5.39296E-02
     712  4.48971E+00 6.56890E-03 5.47350E-02
     713  4.49321E+00 6.76764E-03 5.55652E-02
     714  4.49671E+00 6.97592E-03 5.64213E-02
     715  4.50021E+00 7.19419E-03 5.73046E-02
     716  4.50372E+00 7.42291E-03 5.82163E-02
     717  4.50722E+00 7.66346E-03 5.91580E-02
     718  4.51072E+00 7.91631E-03 6.01307E-02
     719  4.51422E+00 8.18194E-03 6.11362E-02
     720  4.51772E+00 8.46197E-03 6.21764E-02
     721  4.52123E+00 8.75749E-03 6.32531E-02
     722  4.52473E+00 9.06848E-03 6.43675E-02
     723  4.52823E+00 9.39733E-03 6.55223E-02
     724  4.53173E+00 9.74500E-03 6.67194E-02
     725  4.53523E+00 1.01125E-02 6.79610E-02
     726  4.53874E+00 1.05021E-02 6.92502E-02
     727  4.54224E+00 1.09154E-02 7.05891E-02
     728  4.54574E+00 1.13539E-02 7.19804E-02
     729  4.54924E+00 1.18204E-02 7.34280E-02
     730  4.55274E+00 1.23171E-02 7.49349E-02
     731  4.55624E+00 1.28458E-02 7.65045E-02
     732  4.55975E+00 1.34109E-02 7.81407E-02
     733  4.56325E+00 1.40150E-02 7.98479E-02
     734  4.56675E+00 1.46604E-02 8.16297E-02
     735  4.57025E+00 1.53537E-02 8.34927E-02
     736  4.57375E+00 1.60983E-02 8.54412E-02
     737  4.57726E+00 1.68985E-02 8.74809E-02
     738  4.58076E+00 1.77617E-02 8.96186E-02
     739  4.58426E+00 1.86934E-02 9.18614E-02
     740  4.58776E+00 1.97004E-02 9.42157E-02
     741  4.59126E+00 2.07932E-02 9.66897E-02
     742  4.59477E+00 2.19800E-02 9.92934E-02
     743  4.59827E+00 2.32702E-02 1.02034E-01
     744  4.60177E+00 2.46801E-02 1.04924E-01
     745  4.60527E+00 2.62224E-02 1.07975E-01
     746  4.60877E+00 2.79126E-02 1.11198E-01
     747  4.61228E+00 2.97712E-02 1.14608E-01
     748  4.61578E+00 3.18210E-02 1.18218E-01
     749  4.61928E+00 3.40898E-02 1.22045E-01
     750  4.62278E+00 3.66075E-02 1.26105E-01
     751  4.62628E+00 3.94067E-02 1.30416E-01
     752  4.62978E+00 4.25380E-02 1.34999E-01
     753  4.63329E+00 4.60491E-02 1.39873E-01
     754  4.63679E+00 4.99965E-02 1.45057E-01
     755  4.64029E+00 5.44634E-02 1.50573E-01
     756  4.64379E+00 5.95331E-02 1.56440E-01
     757  4.64729E+00 6.53057E-02 1.62672E-01
     758  4.65080E+00 7.19231E-02 1.69279E-01
     759  4.65430E+00 7.95362E-02 1.76259E-01
     760  4.65780E+00 8.83265E-02 1.83598E-01
     761  4.66130E+00 9.85435E-02 1.91252E-01
     762  4.66480E+00 1.10452E-01 1.99133E-01
     763  4.66831E+00 1.24397E-01 2.07106E-01
     764  4.67181E+00 1.40771E-01 2.14923E-01
     765  4.67531E+00 1.60041E-01 2.22205E-01
     766  4.67881E+00 1.82681E-01 2.28392E-01
     767  4.68231E+00 2.09215E-01 2.32602E-01
     768  4.68581E+00 2.40011E-01 2.33609E-01
     769  4.68932E+00 2.75129E-01 2.29738E-01
     770  4.69282E+00 3.14072E-01 2.18798E-01
     771  4.69632E+00 3.55268E-01 1.98328E-01
     772  4.69982E+00 3.95666E-01 1.66195E-01
     773  4.70332E+00 4.30685E-01 1.21373E-01
     774  4.70683E+00 4.54897E-01 6.53932E-02
     775  4.71033E+00 4.63651E-01 2.71118E-03
     776  4.71383E+00 4.55091E-01-6.00246E-02
     777  4.71733E+00 4.31023E-01-1.16129E-01
     778  4.72083E+00 3.96061E-01-1.61094E-01
     779  4.72434E+00 3.55654E-01-1.93396E-01
     780  4.72784E+00 3.14397E-01-2.13950E-01
     781  4.73134E+00 2.75391E-01-2.24971E-01
     782  4.73484E+00 2.40177E-01-2.28886E-01
     783  4.73834E+00 2.09324E-01-2.27882E-01
     784  4.74185E+00 1.82732E-01-2.23639E-01
     785  4.74535E+00 1.60037E-01-2.17432E-01
     786  4.74885E+00 1.40742E-01-2.10122E-01
     787  4.75235E+00 1.24344E-01-2.02271E-01
     788  4.75585E+00 1.10387E-01-1.94261E-01
     789  4.75935E+00 9.84720E-02-1.86350E-01
     790  4.76286E+00 8.82577E-02-1.78665E-01
     791  4.76636E+00 7.94665E-02-1.71297E-01
     792  4.76986E+00 7.18651E-02-1.64293E-01
     793  4.77336E+00 6.52608E-02-1.57658E-01
     794  4.77686E+00 5.94974E-02-1.51404E-01
     795  4.78037E+00 5.44416E-02-1.45520E-01
     796  4.78387E+00 4.99924E-02-1.39985E-01
     797  4.78737E+00 4.60577E-02-1.34784E-01
     798  4.79087E+00 4.25644E-02-1.29897E-01
     799  4.79437E+00 3.94519E-02-1.25298E-01
     800  4.79788E+00 3.66679E-02-1.20974E-01
     801  4.80138E+00 3.41680E-02-1.16905E-01
     802  4.80488E+00 3.19180E-02-1.13068E-01
     803  4.80838E+00 2.98844E-02-1.09448E-01
     804  4.81188E+00 2.80425E-02-1.06031E-01
     805  4.81538E+00 2.63694E-02-1.02800E-01
     806  4.81889E+00 2.48456E-02-9.97418E-02
     807  4.82239E+00 2.34532E-02-9.68458E-02
     808  4.82589E+00 2.21793E-02-9.40982E-02
     809  4.82939E+00 2.10102E-02-9.14893E-02
     810  4.83289E+00 1.99349E-02-8.90109E-02
     811  4.83640E+00 1.89449E-02-8.66520E-02
     812  4.83990E+00 1.80307E-02-8.44053E-02
     813  4.84340E+00 1.71842E-02-8.22643E-02
     814  4.84690E+00 1.64006E-02-8.02206E-02
     815  4.85040E+00 1.56725E-02-7.82701E-02
     816  4.85391E+00 1.49963E-02-7.64039E-02
     817  4.85741E+00 1.43664E-02-7.46183E-02
     818  4.86091E+00 1.37788E-02-7.29090E-02
     819  4.86441E+00 1.32306E-02-7.12702E-02
     820  4.86791E+00 1.27178E-02-6.96983E-02
     821  4.87142E+00 1.22373E-02-6.81899E-02
     822  4.87492E+00 1.17868E-02-6.67408E-02
     823  4.87842E+00 1.13643E-02-6.53473E-02
     824  4.88192E+00 1.09669E-02-6.40070E-02
     825  4.88542E+00 1.05933E-02-6.27162E-02
     826  4.88892E+00 1.02417E-02-6.14730E-02
     827  4.89243E+00 9.90902E-03-6.02750E-02
     828  4.89593E+00 9.59619E-03-5.91188E-02
     829  4.89943E+00 9.30080E-03-5.80031E-02
     830  4.90293E+00 9.02078E-03-5.69263E-02
     831  4.90643E+00 8.75661E-03-5.58852E-02
     832  4.90994E+00 8.50635E-03-5.48786E-02
     833  4.91344E+00 8.26873E-03-5.39056E-02
     834  4.91694E+00 8.04400E-03-5.29633E-02
     835  4.92044E+00 7.83036E-03-5.20506E-02
     836  4.92394E+00 7.62729E-03-5.11673E-02
     837  4.92745E+00 7.43462E-03-5.03104E-02
     838  4.93095E+00 7.25164E-03-4.94796E-02
     839  4.93445E+00 7.07690E-03-4.86742E-02
     840  4.93795E+00 6.91101E-03-4.78918E-02
     841  4.94145E+00 6.75303E-03-4.71323E-02
     842  4.94495E+00 6.60207E-03-4.63950E-02
     843  4.94846E+00 6.45848E-03-4.56780E-02
     844  4.95196E+00 6.32118E-03-4.49811E-02
     845  4.95546E+00 6.19020E-03-4.43035E-02
     846  4.95896E+00 6.06519E-03-4.36442E-02
     847  4.96246E+00 5.94572E-03-4.30026E-02
     848  4.96597E+00 5.83142E-03-4.23778E-02
     849  4.96947E+00 5.72240E-03-4.17692E-02
     850  4.97297E+00 5.61784E-03-4.11767E-02
     851  4.97647E+00 5.51792E-03-4.05989E-02
     852  4.97997E+00 5.42245E-03-4.00357E-02
     853  4.98348E+00 5.33064E-03-3.94866E-02
     854  4.98698E+00 5.24318E-03-3.89507E-02
     855  4.99048E+00 5.15910E-03-3.84280E-02
     856  4.99398E+00 5.07847E-03-3.79179E-02
     857  4.99748E+00 5.00142E-03-3.74195E-02
     858  5.00099E+00 4.92653E-03-3.69320E-02 1
     859  5.00449E+00 4.85362E-03-3.64540E-02
     860  5.00799E+00 4.78152E-03-3.59887E-02
     861  5.01149E+00 4.71356E-03-3.55325E-02
     862  5.01499E+00 4.64896E-03-3.50862E-02
     863  5.01849E+00 4.58697E-03-3.46500E-02
     864  5.02200E+00 4.52549E-03-3.42247E-02
     865  5.02550E+00 4.46838E-03-3.38073E-02
     866  5.02900E+00 4.41408E-03-3.33985E-02
     867  5.03250E+00 4.36142E-03-3.29989E-02
     868  5.03600E+00 4.30942E-03-3.26085E-02
     869  5.03951E+00 4.26140E-03-3.22251E-02
     870  5.04301E+00 4.21460E-03-3.18500E-02
     871  5.04651E+00 4.17018E-03-3.14821E-02
     872  5.05001E+00 4.12638E-03-3.11227E-02
     873  5.05351E+00 4.08547E-03-3.07695E-02
     874  5.05702E+00 4.04616E-03-3.04236E-02
     875  5.06052E+00 4.00893E-03-3.00840E-02
     876  5.06402E+00 3.97151E-03-2.97522E-02
     877  5.06752E+00 3.93676E-03-2.94263E-02
     878  5.07102E+00 3.90371E-03-2.91059E-02
     879  5.07452E+00 3.87216E-03-2.87920E-02
     880  5.07803E+00 3.84082E-03-2.84846E-02
     881  5.08153E+00 3.81164E-03-2.81822E-02
     882  5.08503E+00 3.78368E-03-2.78855E-02
     883  5.08853E+00 3.75749E-03-2.75940E-02
     884  5.09203E+00 3.73175E-03-2.73081E-02
     885  5.09554E+00 3.70652E-03-2.70276E-02
     886  5.09904E+00 3.68344E-03-2.67517E-02
     887  5.10254E+00 3.66125E-03-2.64806E-02
     888  5.10604E+00 3.64013E-03-2.62144E-02
     889  5.10954E+00 3.61843E-03-2.59537E-02
     890  5.11305E+00 3.59950E-03-2.56964E-02
     891  5.11655E+00 3.58088E-03-2.54438E-02
     892  5.12005E+00 3.56362E-03-2.51953E-02
     893  5.12355E+00 3.54587E-03-2.49519E-02
     894  5.12705E+00 3.53012E-03-2.47117E-02
     895  5.13056E+00 3.51518E-03-2.44757E-02
     896  5.13406E+00 3.50139E-03-2.42432E-02
     897  5.13756E+00 3.48662E-03-2.40157E-02
     898  5.14106E+00 3.47414E-03-2.37910E-02
     899  5.14456E+00 3.46195E-03-2.35702E-02
     900  5.14806E+00 3.45079E-03-2.33526E-02
     901  5.15157E+00 3.43936E-03-2.31390E-02
     902  5.15507E+00 3.42942E-03-2.29286E-02
     903  5.15857E+00 3.42000E-03-2.27213E-02
     904  5.16207E+00 3.41112E-03-2.25175E-02
     905  5.16557E+00 3.40208E-03-2.23171E-02
     906  5.16908E+00 3.39424E-03-2.21195E-02
     907  5.17258E+00 3.38738E-03-2.19248E-02
     908  5.17608E+00 3.38090E-03-2.17331E-02
     909  5.17958E+00 3.37498E-03-2.15444E-02
     910  5.18308E+00 3.36840E-03-2.13591E-02
     911  5.18659E+00 3.36332E-03-2.11760E-02
     912  5.19009E+00 3.35907E-03-2.09956E-02
     913  5.19359E+00 3.35488E-03-2.08181E-02
     914  5.19709E+00 3.35041E-03-2.06435E-02
     915  5.20059E+00 3.34727E-03-2.04710E-02
     916  5.20409E+00 3.34459E-03-2.03011E-02
     917  5.20760E+00 3.34226E-03-2.01336E-02
     918  5.21110E+00 3.33936E-03-1.99691E-02
     919  5.21460E+00 3.33806E-03-1.98065E-02
     920  5.21810E+00 3.33679E-03-1.96463E-02
     921  5.22160E+00 3.33615E-03-1.94881E-02
     922  5.22511E+00 3.33484E-03-1.93328E-02
     923  5.22861E+00 3.33449E-03-1.91794E-02
     924  5.23211E+00 3.33486E-03-1.90280E-02
     925  5.23561E+00 3.33542E-03-1.88788E-02
     926  5.23911E+00 3.33562E-03-1.87320E-02
     927  5.24262E+00 3.33671E-03-1.85868E-02
     928  5.24612E+00 3.33841E-03-1.84437E-02
     929  5.24962E+00 3.34006E-03-1.83027E-02
     930  5.25312E+00 3.34132E-03-1.81639E-02
     931  5.25662E+00 3.34371E-03-1.80266E-02
     932  5.26013E+00 3.34635E-03-1.78912E-02
     933  5.26363E+00 3.34927E-03-1.77576E-02
     934  5.26713E+00 3.35174E-03-1.76262E-02
     935  5.27063E+00 3.35497E-03-1.74963E-02
     936  5.27413E+00 3.35878E-03-1.73680E-02
     937  5.27763E+00 3.36239E-03-1.72415E-02
     938  5.28114E+00 3.36660E-03-1.71167E-02
     939  5.28464E+00 3.37038E-03-1.69938E-02
     940  5.28814E+00 3.37483E-03-1.68722E-02
     941  5.29164E+00 3.37947E-03-1.67523E-02
     942  5.29514E+00 3.38430E-03-1.66340E-02
     943  5.29865E+00 3.38878E-03-1.65175E-02
     944  5.30215E+00 3.39391E-03-1.64023E-02
     945  5.30565E+00 3.39950E-03-1.62886E-02
     946  5.30915E+00 3.40510E-03-1.61763E-02
     947  5.31265E+00 3.41014E-03-1.60658E-02
     948  5.31616E+00 3.41608E-03-1.59564E-02
     949  5.31966E+00 3.42240E-03-1.58484E-02
     950  5.32316E+00 3.42860E-03-1.57419E-02
     951  5.32666E+00 3.43440E-03-1.56369E-02
     952  5.33016E+00 3.44081E-03-1.55332E-02
     953  5.33366E+00 3.44759E-03-1.54306E-02
     954  5.33717E+00 3.45447E-03-1.53294E-02
     955  5.34067E+00 3.46089E-03-1.52297E-02
     956  5.34417E+00 3.46792E-03-1.51310E-02
     957  5.34767E+00 3.47508E-03-1.50337E-02
     958  5.35117E+00 3.48230E-03-1.49375E-02
     959  5.35468E+00 3.48909E-03-1.48429E-02
     960  5.35818E+00 3.49673E-03-1.47491E-02
     961  5.36168E+00 3.50437E-03-1.46564E-02
     962  5.36518E+00 3.51214E-03-1.45651E-02
     963  5.36868E+00 3.51924E-03-1.44750E-02
     964  5.37219E+00 3.52704E-03-1.43859E-02
     965  5.37569E+00 3.53521E-03-1.42979E-02
     966  5.37919E+00 3.54314E-03-1.42109E-02
     967  5.38269E+00 3.55137E-03-1.41251E-02
     968  5.38619E+00 3.55894E-03-1.40405E-02
     969  5.38970E+00 3.56730E-03-1.39568E-02
     970  5.39320E+00 3.57563E-03-1.38742E-02
     971  5.39670E+00 3.58397E-03-1.37924E-02
     972  5.40020E+00 3.59197E-03-1.37120E-02
     973  5.40370E+00 3.60041E-03-1.36324E-02
     974  5.40720E+00 3.60902E-03-1.35537E-02
     975  5.41071E+00 3.61753E-03-1.34760E-02
     976  5.41421E+00 3.62558E-03-1.33994E-02
     977  5.41771E+00 3.63428E-03-1.33236E-02
     978  5.42121E+00 3.64297E-03-1.32488E-02
     979  5.42471E+00 3.65192E-03-1.31748E-02
     980  5.42822E+00 3.66000E-03-1.31019E-02
     981  5.43172E+00 3.66898E-03-1.30297E-02
     982  5.43522E+00 3.67766E-03-1.29585E-02
     983  5.43872E+00 3.68662E-03-1.28881E-02
     984  5.44222E+00 3.69491E-03-1.28187E-02
     985  5.44573E+00 3.70386E-03-1.27500E-02
     986  5.44923E+00 3.71273E-03-1.26821E-02
     987  5.45273E+00 3.72177E-03-1.26151E-02
     988  5.45623E+00 3.73005E-03-1.25490E-02
     989  5.45973E+00 3.73906E-03-1.24836E-02
     990  5.46323E+00 3.74808E-03-1.24190E-02
     991  5.46674E+00 3.75686E-03-1.23551E-02
     992  5.47024E+00 3.76581E-03-1.22920E-02
     993  5.47374E+00 3.77435E-03-1.22298E-02
     994  5.47724E+00 3.78327E-03-1.21683E-02
     995  5.48074E+00 3.79208E-03-1.21075E-02
     996  5.48425E+00 3.80107E-03-1.20474E-02
     997  5.48775E+00 3.80926E-03-1.19882E-02
     998  5.49125E+00 3.81822E-03-1.19296E-02
     999  5.49475E+00 3.82708E-03-1.18716E-02
    1000  5.49825E+00 3.83589E-03-1.18144E-02
    1001  5.50176E+00 3.84508E-03-1.17568E-02
    1002  5.50526E+00 3.85385E-03-1.16990E-02
    1003  5.50876E+00 3.86221E-03-1.16422E-02
    1004  5.51226E+00 3.87101E-03-1.15858E-02
    1005  5.51576E+00 3.87931E-03-1.15304E-02
    1006  5.51927E+00 3.88818E-03-1.14752E-02
    1007  5.52277E+00 3.89668E-03-1.14211E-02
    1008  5.52627E+00 3.90552E-03-1.13673E-02
    1009  5.52977E+00 3.91380E-03-1.13145E-02
    1010  5.53327E+00 3.92253E-03-1.12620E-02
    1011  5.53677E+00 3.93083E-03-1.12105E-02
    1012  5.54028E+00 3.93969E-03-1.11592E-02
    1013  5.54378E+00 3.94839E-03-1.11086E-02
    1014  5.54728E+00 3.95677E-03-1.10589E-02
    1015  5.55078E+00 3.96536E-03-1.10095E-02
    1016  5.55428E+00 3.97363E-03-1.09610E-02
    1017  5.55779E+00 3.98225E-03-1.09127E-02
    1018  5.56129E+00 3.99047E-03-1.08654E-02
    1019  5.56479E+00 3.99897E-03-1.08185E-02
    1020  5.56829E+00 4.00700E-03-1.07723E-02
    1021  5.57179E+00 4.01557E-03-1.07264E-02
    1022  5.57530E+00 4.02357E-03-1.06814E-02
    1023  5.57880E+00 4.03192E-03-1.06366E-02
    1024  5.58230E+00 4.04038E-03-1.05923E-02
    1025  5.58580E+00 4.04818E-03-1.05490E-02
    1026  5.58930E+00 4.05646E-03-1.05058E-02
    1027  5.59280E+00 4.06427E-03-1.04635E-02
    1028  5.59631E+00 4.07240E-03-1.04214E-02
    1029  5.59981E+00 4.08016E-03-1.03801E-02
    1030  5.60331E+00 4.08811E-03-1.03390E-02
    1031  5.60681E+00 4.09592E-03-1.02986E-02
    1032  5.61031E+00 4.10370E-03-1.02586E-02
    1033  5.61382E+00 4.11134E-03-1.02192E-02
    1034  5.61732E+00 4.11897E-03-1.01803E-02
    1035  5.62082E+00 4.12631E-03-1.01419E-02
    1036  5.62432E+00 4.13376E-03-1.01039E-02
    1037  5.62782E+00 4.14119E-03-1.00664E-02
    1038  5.63133E+00 4.14853E-03-1.00293E-02
    1039  5.63483E+00 4.15576E-03-9.99271E-03
    1040  5.63833E+00 4.16295E-03-9.95659E-03
    1041  5.64183E+00 4.17005E-03-9.92084E-03
    1042  5.64533E+00 4.17716E-03-9.88553E-03
    1043  5.64884E+00 4.18396E-03-9.85083E-03
    1044  5.65234E+00 4.19083E-03-9.81638E-03
    1045  5.65584E+00 4.19755E-03-9.78246E-03
    1046  5.65934E+00 4.20429E-03-9.74893E-03
    1047  5.66284E+00 4.21072E-03-9.71589E-03
    1048  5.66634E+00 4.21718E-03-9.68322E-03
    1049  5.66985E+00 4.22361E-03-9.65094E-03
    1050  5.67335E+00 4.22997E-03-9.61902E-03
    1051  5.67685E+00 4.23610E-03-9.58752E-03
    1052  5.68035E+00 4.24210E-03-9.55649E-03
    1053  5.68385E+00 4.24831E-03-9.52563E-03
    1054  5.68736E+00 4.25416E-03-9.49534E-03
    1055  5.69086E+00 4.25997E-03-9.46536E-03
    1056  5.69436E+00 4.26575E-03-9.43575E-03
    1057  5.69786E+00 4.27135E-03-9.40656E-03
    1058  5.70136E+00 4.27675E-03-9.37779E-03
    1059  5.70487E+00 4.28221E-03-9.34920E-03
    1060  5.70837E+00 4.28745E-03-9.32107E-03
    1061  5.71187E+00 4.29264E-03-9.29326E-03
    1062  5.71537E+00 4.29765E-03-9.26585E-03
    1063  5.71887E+00 4.30260E-03-9.23874E-03
    1064  5.72237E+00 4.30762E-03-9.21186E-03
    1065  5.72588E+00 4.31244E-03-9.18536E-03
    1066  5.72938E+00 4.31705E-03-9.15916E-03
    1067  5.73288E+00 4.32143E-03-9.13339E-03
    1068  5.73638E+00 4.32592E-03-9.10787E-03
    1069  5.73988E+00 4.33020E-03-9.08266E-03
    1070  5.74339E+00 4.33429E-03-9.05785E-03
    1071  5.74689E+00 4.33842E-03-9.03320E-03
    1072  5.75039E+00 4.34236E-03-9.00891E-03
    1073  5.75389E+00 4.34600E-03-8.98492E-03
    1074  5.75739E+00 4.34992E-03-8.96114E-03
    1075  5.76090E+00 4.35356E-03-8.93764E-03
    1076  5.76440E+00 4.35708E-03-8.91445E-03
    1077  5.76790E+00 4.36041E-03-8.89160E-03
    1078  5.77140E+00 4.36361E-03-8.86895E-03
    1079  5.77490E+00 4.36683E-03-8.84657E-03
    1080  5.77841E+00 4.36970E-03-8.82447E-03
    1081  5.78191E+00 4.37264E-03-8.80263E-03
    1082  5.78541E+00 4.37536E-03-8.78103E-03
    1083  5.78891E+00 4.37795E-03-8.75970E-03
    1084  5.79241E+00 4.38053E-03-8.73859E-03
    1085  5.79591E+00 4.38282E-03-8.71779E-03
    1086  5.79942E+00 4.38524E-03-8.69712E-03
    1087  5.80292E+00 4.38751E-03-8.67661E-03
    1088  5.80642E+00 4.38957E-03-8.65641E-03
    1089  5.80992E+00 4.39143E-03-8.63650E-03
    1090  5.81342E+00 4.39325E-03-8.61674E-03
    1091  5.81693E+00 4.39495E-03-8.59719E-03
    1092  5.82043E+00 4.39648E-03-8.57793E-03
    1093  5.82393E+00 4.39800E-03-8.55884E-03
    1094  5.82743E+00 4.39913E-03-8.53994E-03
    1095  5.83093E+00 4.40034E-03-8.52127E-03
    1096  5.83444E+00 4.40144E-03-8.50278E-03
    1097  5.83794E+00 4.40245E-03-8.48447E-03
    1098  5.84144E+00 4.40353E-03-8.46625E-03
    1099  5.84494E+00 4.40412E-03-8.44837E-03
    1100  5.84844E+00 4.40484E-03-8.43061E-03
    1101  5.85194E+00 4.40527E-03-8.41301E-03
    1102  5.85545E+00 4.40573E-03-8.39561E-03
    1103  5.85895E+00 4.40600E-03-8.37836E-03
    1104  5.86245E+00 4.40615E-03-8.36132E-03
    1105  5.86595E+00 4.40621E-03-8.34445E-03
    1106  5.86945E+00 4.40597E-03-8.32776E-03
    1107  5.87296E+00 4.40581E-03-8.31121E-03
    1108  5.87646E+00 4.40547E-03-8.29474E-03
    1109  5.87996E+00 4.40530E-03-8.27842E-03
    1110  5.88346E+00 4.40475E-03-8.26232E-03
    1111  5.88696E+00 4.40418E-03-8.24637E-03
    1112  5.89047E+00 4.40347E-03-8.23053E-03
    1113  5.89397E+00 4.40256E-03-8.21486E-03
    1114  5.89747E+00 4.40169E-03-8.19931E-03
    1115  5.90097E+00 4.40054E-03-8.18388E-03
    1116  5.90447E+00 4.39930E-03-8.16862E-03
    1117  5.90798E+00 4.39809E-03-8.15346E-03
    1118  5.91148E+00 4.39663E-03-8.13848E-03
    1119  5.91498E+00 4.39524E-03-8.12352E-03
    1120  5.91848E+00 4.39351E-03-8.10880E-03
    1121  5.92198E+00 4.39206E-03-8.09408E-03
    1122  5.92548E+00 4.39029E-03-8.07951E-03
    1123  5.92899E+00 4.38842E-03-8.06507E-03
    1124  5.93249E+00 4.38650E-03-8.05073E-03
    1125  5.93599E+00 4.38440E-03-8.03653E-03
    1126  5.93949E+00 4.38206E-03-8.02242E-03
    1127  5.94299E+00 4.37987E-03-8.00841E-03
    1128  5.94650E+00 4.37745E-03-7.99449E-03
    1129  5.95000E+00 4.37500E-03-7.98068E-03
    1130  5.95350E+00 4.37240E-03-7.96694E-03
    1131  5.95700E+00 4.36973E-03-7.95335E-03
    1132  5.96050E+00 4.36715E-03-7.93976E-03
    1133  5.96401E+00 4.36444E-03-7.92631E-03
    1134  5.96751E+00 4.36147E-03-7.91297E-03
    1135  5.97101E+00 4.35853E-03-7.89970E-03
    1136  5.97451E+00 4.35535E-03-7.88654E-03
    1137  5.97801E+00 4.35218E-03-7.87339E-03
    1138  5.98151E+00 4.34896E-03-7.86033E-03
    1139  5.98502E+00 4.34554E-03-7.84741E-03
    1140  5.98852E+00 4.34208E-03-7.83454E-03
    1141  5.99202E+00 4.33859E-03-7.82172E-03
    1142  5.99552E+00 4.33493E-03-7.80900E-03
    1143  5.99902E+00 4.33157E-03-7.79628E-03 1
    1144  6.00253E+00 4.32790E-03-7.78363E-03
    1145  6.00603E+00 4.32453E-03-7.77073E-03
    1146  6.00953E+00 4.32119E-03-7.75789E-03
    1147  6.01303E+00 4.31794E-03-7.74499E-03
    1148  6.01653E+00 4.31419E-03-7.73234E-03
    1149  6.02004E+00 4.31072E-03-7.71958E-03
    1150  6.02354E+00 4.30706E-03-7.70701E-03
    1151  6.02704E+00 4.30344E-03-7.69439E-03
    1152  6.03054E+00 4.29954E-03-7.68198E-03
    1153  6.03404E+00 4.29568E-03-7.66957E-03
    1154  6.03755E+00 4.29183E-03-7.65729E-03
    1155  6.04105E+00 4.28789E-03-7.64496E-03
    1156  6.04455E+00 4.28394E-03-7.63277E-03
    1157  6.04805E+00 4.27974E-03-7.62060E-03
    1158  6.05155E+00 4.27557E-03-7.60850E-03
    1159  6.05505E+00 4.27136E-03-7.59643E-03
    1160  6.05856E+00 4.26714E-03-7.58445E-03
    1161  6.06206E+00 4.26272E-03-7.57246E-03
    1162  6.06556E+00 4.25829E-03-7.56060E-03
    1163  6.06906E+00 4.25370E-03-7.54887E-03
    1164  6.07256E+00 4.24921E-03-7.53707E-03
    1165  6.07607E+00 4.24466E-03-7.52533E-03
    1166  6.07957E+00 4.24012E-03-7.51367E-03
    1167  6.08307E+00 4.23526E-03-7.50200E-03
    1168  6.08657E+00 4.23058E-03-7.49043E-03
    1169  6.09007E+00 4.22572E-03-7.47884E-03
    1170  6.09358E+00 4.22099E-03-7.46736E-03
    1171  6.09708E+00 4.21590E-03-7.45601E-03
    1172  6.10058E+00 4.21090E-03-7.44457E-03
    1173  6.10408E+00 4.20586E-03-7.43318E-03
    1174  6.10758E+00 4.20088E-03-7.42182E-03
    1175  6.11108E+00 4.19571E-03-7.41057E-03
    1176  6.11459E+00 4.19054E-03-7.39932E-03
    1177  6.11809E+00 4.18532E-03-7.38801E-03
    1178  6.12159E+00 4.18018E-03-7.37683E-03
    1179  6.12509E+00 4.17477E-03-7.36572E-03
    1180  6.12859E+00 4.16931E-03-7.35470E-03
    1181  6.13210E+00 4.16401E-03-7.34355E-03
    1182  6.13560E+00 4.15841E-03-7.33255E-03
    1183  6.13910E+00 4.15295E-03-7.32153E-03
    1184  6.14260E+00 4.14740E-03-7.31050E-03
    1185  6.14610E+00 4.14195E-03-7.29951E-03
    1186  6.14961E+00 4.13621E-03-7.28862E-03
    1187  6.15311E+00 4.13060E-03-7.27768E-03
    1188  6.15661E+00 4.12495E-03-7.26686E-03
    1189  6.16011E+00 4.11931E-03-7.25601E-03
    1190  6.16361E+00 4.11328E-03-7.24518E-03
    1191  6.16712E+00 4.10760E-03-7.23439E-03
    1192  6.17062E+00 4.10166E-03-7.22358E-03
    1193  6.17412E+00 4.09582E-03-7.21282E-03
    1194  6.17762E+00 4.08979E-03-7.20212E-03
    1195  6.18112E+00 4.08399E-03-7.19140E-03
    1196  6.18462E+00 4.07795E-03-7.18064E-03
    1197  6.18813E+00 4.07187E-03-7.17012E-03
    1198  6.19163E+00 4.06576E-03-7.15945E-03
    1199  6.19513E+00 4.05982E-03-7.14882E-03
    1200  6.19863E+00 4.05362E-03-7.13819E-03
    1201  6.20213E+00 4.04738E-03-7.12765E-03
    1202  6.20564E+00 4.04147E-03-7.11704E-03
    1203  6.20914E+00 4.03518E-03-7.10647E-03
    1204  6.21264E+00 4.02886E-03-7.09589E-03
    1205  6.21614E+00 4.02254E-03-7.08551E-03
    1206  6.21964E+00 4.01645E-03-7.07495E-03
    1207  6.22315E+00 4.01018E-03-7.06446E-03
    1208  6.22665E+00 4.00376E-03-7.05393E-03
    1209  6.23015E+00 3.99743E-03-7.04356E-03
    1210  6.23365E+00 3.99112E-03-7.03308E-03
    1211  6.23715E+00 3.98475E-03-7.02265E-03
    1212  6.24065E+00 3.97825E-03-7.01221E-03
    1213  6.24416E+00 3.97179E-03-7.00180E-03
    1214  6.24766E+00 3.96542E-03-6.99144E-03
    1215  6.25116E+00 3.95903E-03-6.98108E-03
    1216  6.25466E+00 3.95239E-03-6.97073E-03
    1217  6.25816E+00 3.94591E-03-6.96035E-03
    1218  6.26167E+00 3.93947E-03-6.94996E-03
    1219  6.26517E+00 3.93285E-03-6.93956E-03
    1220  6.26867E+00 3.92625E-03-6.92929E-03
    1221  6.27217E+00 3.91976E-03-6.91900E-03
    1222  6.27567E+00 3.91328E-03-6.90871E-03
    1223  6.27918E+00 3.90664E-03-6.89837E-03
    1224  6.28268E+00 3.89996E-03-6.88811E-03
    1225  6.28618E+00 3.89338E-03-6.87781E-03
    1226  6.28968E+00 3.88674E-03-6.86750E-03
    1227  6.29318E+00 3.88015E-03-6.85722E-03
    1228  6.29669E+00 3.87338E-03-6.84701E-03
    1229  6.30019E+00 3.86686E-03-6.83675E-03
    1230  6.30369E+00 3.86022E-03-6.82648E-03
    1231  6.30719E+00 3.85332E-03-6.81624E-03
    1232  6.31069E+00 3.84668E-03-6.80602E-03
    1233  6.31419E+00 3.84006E-03-6.79580E-03
    1234  6.31770E+00 3.83342E-03-6.78554E-03
    1235  6.32120E+00 3.82653E-03-6.77534E-03
    1236  6.32470E+00 3.81981E-03-6.76510E-03
    1237  6.32820E+00 3.81320E-03-6.75492E-03
    1238  6.33170E+00 3.80649E-03-6.74467E-03
    1239  6.33521E+00 3.79974E-03-6.73452E-03
    1240  6.33871E+00 3.79296E-03-6.72428E-03
    1241  6.34221E+00 3.78625E-03-6.71415E-03
    1242  6.34571E+00 3.77960E-03-6.70395E-03
    1243  6.34921E+00 3.77272E-03-6.69375E-03
    1244  6.35272E+00 3.76602E-03-6.68353E-03
    1245  6.35622E+00 3.75939E-03-6.67346E-03
    1246  6.35972E+00 3.75238E-03-6.66324E-03
    1247  6.36322E+00 3.74570E-03-6.65309E-03
    1248  6.36672E+00 3.73907E-03-6.64293E-03
    1249  6.37022E+00 3.73233E-03-6.63274E-03
    1250  6.37373E+00 3.72539E-03-6.62261E-03
    1251  6.37723E+00 3.71880E-03-6.61249E-03
    1252  6.38073E+00 3.71219E-03-6.60232E-03
    1253  6.38423E+00 3.70553E-03-6.59217E-03
    1254  6.38773E+00 3.69853E-03-6.58201E-03
    1255  6.39124E+00 3.69203E-03-6.57193E-03
    1256  6.39474E+00 3.68532E-03-6.56179E-03
    1257  6.39824E+00 3.67854E-03-6.55160E-03
    1258  6.40174E+00 3.67171E-03-6.54147E-03
    1259  6.40524E+00 3.66514E-03-6.53138E-03
    1260  6.40875E+00 3.65854E-03-6.52125E-03
    1261  6.41225E+00 3.65161E-03-6.51109E-03
    1262  6.41575E+00 3.64499E-03-6.50099E-03
    1263  6.41925E+00 3.63837E-03-6.49085E-03
    1264  6.42275E+00 3.63171E-03-6.48073E-03
    1265  6.42626E+00 3.62495E-03-6.47064E-03
    1266  6.42976E+00 3.61840E-03-6.46050E-03
    1267  6.43326E+00 3.61177E-03-6.45035E-03
    1268  6.43676E+00 3.60528E-03-6.44026E-03
    1269  6.44026E+00 3.59847E-03-6.43011E-03
    1270  6.44376E+00 3.59191E-03-6.42000E-03
    1271  6.44727E+00 3.58522E-03-6.40987E-03
    1272  6.45077E+00 3.57883E-03-6.39982E-03
    1273  6.45427E+00 3.57211E-03-6.38970E-03
    1274  6.45777E+00 3.56566E-03-6.37956E-03
    1275  6.46127E+00 3.55920E-03-6.36956E-03
    1276  6.46478E+00 3.55262E-03-6.35938E-03
    1277  6.46828E+00 3.54594E-03-6.34922E-03
    1278  6.47178E+00 3.53947E-03-6.33915E-03
    1279  6.47528E+00 3.53322E-03-6.32915E-03
    1280  6.47878E+00 3.52651E-03-6.31897E-03
    1281  6.48229E+00 3.52004E-03-6.30887E-03
    1282  6.48579E+00 3.51361E-03-6.29873E-03
    1283  6.48929E+00 3.50735E-03-6.28876E-03
    1284  6.49279E+00 3.50073E-03-6.27861E-03
    1285  6.49629E+00 3.49430E-03-6.26847E-03
    1286  6.49979E+00 3.48808E-03-6.25835E-03
    1287  6.50330E+00 3.48202E-03-6.24850E-03
    1288  6.50680E+00 3.47599E-03-6.23847E-03
    1289  6.51030E+00 3.46969E-03-6.22829E-03
    1290  6.51380E+00 3.46372E-03-6.21832E-03
    1291  6.51730E+00 3.45748E-03-6.20817E-03
    1292  6.52081E+00 3.45150E-03-6.19810E-03
    1293  6.52431E+00 3.44532E-03-6.18802E-03
    1294  6.52781E+00 3.43940E-03-6.17805E-03
    1295  6.53131E+00 3.43321E-03-6.16796E-03
    1296  6.53481E+00 3.42733E-03-6.15793E-03
    1297  6.53832E+00 3.42116E-03-6.14780E-03
    1298  6.54182E+00 3.41544E-03-6.13778E-03
    1299  6.54532E+00 3.40921E-03-6.12771E-03
    1300  6.54882E+00 3.40347E-03-6.11767E-03
    1301  6.55232E+00 3.39744E-03-6.10768E-03
    1302  6.55583E+00 3.39153E-03-6.09764E-03
    1303  6.55933E+00 3.38573E-03-6.08751E-03
    1304  6.56283E+00 3.37991E-03-6.07750E-03
    1305  6.56633E+00 3.37408E-03-6.06744E-03
    1306  6.56983E+00 3.36835E-03-6.05740E-03
    1307  6.57333E+00 3.36253E-03-6.04727E-03
    1308  6.57684E+00 3.35674E-03-6.03735E-03
    1309  6.58034E+00 3.35075E-03-6.02720E-03
    1310  6.58384E+00 3.34527E-03-6.01721E-03
    1311  6.58734E+00 3.33939E-03-6.00713E-03
    1312  6.59084E+00 3.33394E-03-5.99712E-03
    1313  6.59435E+00 3.32821E-03-5.98703E-03
    1314  6.59785E+00 3.32269E-03-5.97702E-03
    1315  6.60135E+00 3.31696E-03-5.96698E-03
    1316  6.60485E+00 3.31156E-03-5.95699E-03
    1317  6.60835E+00 3.30614E-03-5.94696E-03
    1318  6.61186E+00 3.30038E-03-5.93691E-03
    1319  6.61536E+00 3.29482E-03-5.92670E-03
    1320  6.61886E+00 3.28945E-03-5.91671E-03
    1321  6.62236E+00 3.28422E-03-5.90667E-03
    1322  6.62586E+00 3.27871E-03-5.89663E-03
    1323  6.62936E+00 3.27326E-03-5.88649E-03
    1324  6.63287E+00 3.26787E-03-5.87649E-03
    1325  6.63637E+00 3.26272E-03-5.86643E-03
    1326  6.63987E+00 3.25738E-03-5.85633E-03
    1327  6.64337E+00 3.25217E-03-5.84617E-03
    1328  6.64687E+00 3.24697E-03-5.83632E-03
    1329  6.65038E+00 3.24178E-03-5.82623E-03
    1330  6.65388E+00 3.23673E-03-5.81606E-03
    1331  6.65738E+00 3.23155E-03-5.80603E-03
    1332  6.66088E+00 3.22650E-03-5.79587E-03
    1333  6.66438E+00 3.22153E-03-5.78578E-03
    1334  6.66789E+00 3.21641E-03-5.77565E-03
    1335  6.67139E+00 3.21155E-03-5.76570E-03
    1336  6.67489E+00 3.20667E-03-5.75544E-03
    1337  6.67839E+00 3.20170E-03-5.74542E-03
    1338  6.68189E+00 3.19677E-03-5.73517E-03
    1339  6.68540E+00 3.19206E-03-5.72507E-03
    1340  6.68890E+00 3.18718E-03-5.71484E-03
    1341  6.69240E+00 3.18272E-03-5.70479E-03
    1342  6.69590E+00 3.17776E-03-5.69463E-03
    1343  6.69940E+00 3.17340E-03-5.68456E-03
    1344  6.70290E+00 3.16848E-03-5.67427E-03
    1345  6.70641E+00 3.16432E-03-5.66416E-03
    1346  6.70991E+00 3.15954E-03-5.65388E-03
    1347  6.71341E+00 3.15524E-03-5.64370E-03
    1348  6.71691E+00 3.15082E-03-5.63337E-03
    1349  6.72041E+00 3.14634E-03-5.62324E-03
    1350  6.72392E+00 3.14219E-03-5.61295E-03
    1351  6.72742E+00 3.13803E-03-5.60278E-03
    1352  6.73092E+00 3.13388E-03-5.59241E-03
    1353  6.73442E+00 3.12983E-03-5.58216E-03
    1354  6.73792E+00 3.12596E-03-5.57184E-03
    1355  6.74143E+00 3.12183E-03-5.56145E-03
    1356  6.74493E+00 3.11756E-03-5.55108E-03
    1357  6.74843E+00 3.11395E-03-5.54085E-03
    1358  6.75193E+00 3.11029E-03-5.53057E-03
    1359  6.75543E+00 3.10670E-03-5.52003E-03
    1360  6.75893E+00 3.10268E-03-5.50946E-03
    1361  6.76244E+00 3.09945E-03-5.49904E-03
    1362  6.76594E+00 3.09609E-03-5.48855E-03
    1363  6.76944E+00 3.09269E-03-5.47815E-03
    1364  6.77294E+00 3.08915E-03-5.46745E-03
    1365  6.77644E+00 3.08585E-03-5.45696E-03
    1366  6.77995E+00 3.08301E-03-5.44636E-03
    1367  6.78345E+00 3.07994E-03-5.43568E-03
    1368  6.78695E+00 3.07704E-03-5.42490E-03
    1369  6.79045E+00 3.07410E-03-5.41435E-03
    1370  6.79395E+00 3.07176E-03-5.40359E-03
    1371  6.79746E+00 3.06896E-03-5.39269E-03
    1372  6.80096E+00 3.06689E-03-5.38196E-03
    1373  6.80446E+00 3.06443E-03-5.37103E-03
    1374  6.80796E+00 3.06245E-03-5.36001E-03
    1375  6.81146E+00 3.06023E-03-5.34888E-03
    1376  6.81497E+00 3.05843E-03-5.33799E-03
    1377  6.81847E+00 3.05648E-03-5.32663E-03
    1378  6.82197E+00 3.05509E-03-5.31563E-03
    1379  6.82547E+00 3.05375E-03-5.30410E-03
    1380  6.82897E+00 3.05269E-03-5.29287E-03
    1381  6.83247E+00 3.05162E-03-5.28113E-03
    1382  6.83598E+00 3.05106E-03-5.26969E-03
    1383  6.83948E+00 3.05049E-03-5.25806E-03
    1384  6.84298E+00 3.05021E-03-5.24650E-03
    1385  6.84648E+00 3.04983E-03-5.23433E-03
    1386  6.84998E+00 3.05044E-03-5.22251E-03
    1387  6.85349E+00 3.05062E-03-5.21016E-03
    1388  6.85699E+00 3.05209E-03-5.19806E-03
    1389  6.86049E+00 3.05306E-03-5.18560E-03
    1390  6.86399E+00 3.05482E-03-5.17328E-03
    1391  6.86749E+00 3.05648E-03-5.16034E-03
    1392  6.87100E+00 3.05974E-03-5.14749E-03
    1393  6.87450E+00 3.06206E-03-5.13419E-03
    1394  6.87800E+00 3.06552E-03-5.12081E-03
    1395  6.88150E+00 3.07008E-03-5.10726E-03
    1396  6.88500E+00 3.07458E-03-5.09327E-03
    1397  6.88850E+00 3.07986E-03-5.07897E-03
    1398  6.89201E+00 3.08642E-03-5.06472E-03
    1399  6.89551E+00 3.09389E-03-5.04985E-03
    1400  6.89901E+00 3.10153E-03-5.03436E-03
    1401  6.90251E+00 3.11063E-03-5.01855E-03
    1402  6.90601E+00 3.12101E-03-5.00242E-03
    1403  6.90952E+00 3.13268E-03-4.98623E-03
    1404  6.91302E+00 3.14599E-03-4.96867E-03
    1405  6.91652E+00 3.16049E-03-4.95009E-03
    1406  6.92002E+00 3.17845E-03-4.93145E-03
    1407  6.92352E+00 3.19828E-03-4.91218E-03
    1408  6.92703E+00 3.22072E-03-4.89117E-03
    1409  6.93053E+00 3.24554E-03-4.86903E-03
    1410  6.93403E+00 3.27624E-03-4.84680E-03
    1411  6.93753E+00 3.31078E-03-4.82308E-03
    1412  6.94103E+00 3.35054E-03-4.79657E-03
    1413  6.94454E+00 3.39850E-03-4.76835E-03
    1414  6.94804E+00 3.45496E-03-4.73853E-03
    1415  6.95154E+00 3.52852E-03-4.70815E-03
    1416  6.95504E+00 3.61081E-03-4.67208E-03
    1417  6.95854E+00 3.71469E-03-4.63611E-03
    1418  6.96204E+00 3.84650E-03-4.59617E-03
    1419  6.96555E+00 4.02082E-03-4.55653E-03
    1420  6.96905E+00 4.24731E-03-4.52241E-03
    1421  6.97255E+00 4.56994E-03-4.50264E-03
    1422  6.97605E+00 5.04425E-03-4.53299E-03
    1423  6.97955E+00 5.75422E-03-4.70530E-03
    1424  6.98306E+00 6.86100E-03-5.37870E-03
    1425  6.98656E+00 8.00012E-03-7.54682E-03
    1426  6.99006E+00 6.04406E-03-1.11490E-02
    1427  6.99356E+00 2.16332E-03-1.06148E-02
    1428  6.99706E+00 1.05816E-03-8.67928E-03
    1429  7.00057E+00 1.04452E-03-7.48265E-03 1
    1430  7.00407E+00 1.17760E-03-6.78790E-03
    1431  7.00757E+00 1.32620E-03-6.37880E-03
    1432  7.01107E+00 1.47620E-03-6.09978E-03
    1433  7.01457E+00 1.58968E-03-5.90530E-03
    1434  7.01807E+00 1.68212E-03-5.75890E-03
    1435  7.02158E+00 1.77076E-03-5.63879E-03
    1436  7.02508E+00 1.83026E-03-5.55192E-03
    1437  7.02858E+00 1.88794E-03-5.47811E-03
    1438  7.03208E+00 1.92944E-03-5.41681E-03
    1439  7.03558E+00 1.97343E-03-5.36195E-03
    1440  7.03909E+00 2.00809E-03-5.31777E-03
    1441  7.04259E+00 2.03974E-03-5.27298E-03
    1442  7.04609E+00 2.07145E-03-5.23806E-03
    1443  7.04959E+00 2.08900E-03-5.20594E-03
    1444  7.05309E+00 2.10768E-03-5.17670E-03
    1445  7.05660E+00 2.12552E-03-5.14900E-03
    1446  7.06010E+00 2.14173E-03-5.12331E-03
    1447  7.06360E+00 2.15559E-03-5.09950E-03
    1448  7.06710E+00 2.16849E-03-5.07729E-03
    1449  7.07060E+00 2.17942E-03-5.05606E-03
    1450  7.07411E+00 2.18973E-03-5.03622E-03
    1451  7.07761E+00 2.19832E-03-5.01707E-03
    1452  7.08111E+00 2.20659E-03-4.99939E-03
    1453  7.08461E+00 2.21372E-03-4.98198E-03
    1454  7.08811E+00 2.21999E-03-4.96530E-03
    1455  7.09161E+00 2.22591E-03-4.94934E-03
    1456  7.09512E+00 2.23083E-03-4.93389E-03
    1457  7.09862E+00 2.23549E-03-4.91877E-03
    1458  7.10212E+00 2.23962E-03-4.90432E-03
    1459  7.10562E+00 2.24343E-03-4.89043E-03
    1460  7.10912E+00 2.24649E-03-4.87652E-03
    1461  7.11263E+00 2.24937E-03-4.86324E-03
    1462  7.11613E+00 2.25192E-03-4.85023E-03
    1463  7.11963E+00 2.25398E-03-4.83732E-03
    1464  7.12313E+00 2.25577E-03-4.82476E-03
    1465  7.12663E+00 2.25752E-03-4.81253E-03
    1466  7.13014E+00 2.25863E-03-4.80041E-03
    1467  7.13364E+00 2.25970E-03-4.78853E-03
    1468  7.13714E+00 2.26067E-03-4.77681E-03
    1469  7.14064E+00 2.26134E-03-4.76548E-03
    1470  7.14414E+00 2.26184E-03-4.75399E-03
    1471  7.14764E+00 2.26206E-03-4.74291E-03
    1472  7.15115E+00 2.26241E-03-4.73194E-03
    1473  7.15465E+00 2.26225E-03-4.72099E-03
    1474  7.15815E+00 2.26216E-03-4.71030E-03
    1475  7.16165E+00 2.26190E-03-4.69967E-03
    1476  7.16515E+00 2.26152E-03-4.68913E-03
    1477  7.16866E+00 2.26094E-03-4.67863E-03
    1478  7.17216E+00 2.26032E-03-4.66839E-03
    1479  7.17566E+00 2.25956E-03-4.65813E-03
    1480  7.17916E+00 2.25872E-03-4.64792E-03
    1481  7.18266E+00 2.25786E-03-4.63798E-03
    1482  7.18617E+00 2.25687E-03-4.62807E-03
    1483  7.18967E+00 2.25574E-03-4.61814E-03
    1484  7.19317E+00 2.25455E-03-4.60835E-03
    1485  7.19667E+00 2.25340E-03-4.59873E-03
    1486  7.20017E+00 2.25207E-03-4.58904E-03
    1487  7.20368E+00 2.25080E-03-4.57941E-03
    1488  7.20718E+00 2.24934E-03-4.56997E-03
    1489  7.21068E+00 2.24787E-03-4.56039E-03
    1490  7.21418E+00 2.24633E-03-4.55110E-03
    1491  7.21768E+00 2.24482E-03-4.54169E-03
    1492  7.22118E+00 2.24317E-03-4.53239E-03
    1493  7.22469E+00 2.24151E-03-4.52318E-03
    1494  7.22819E+00 2.23980E-03-4.51399E-03
    1495  7.23169E+00 2.23810E-03-4.50488E-03
    1496  7.23519E+00 2.23633E-03-4.49575E-03
    1497  7.23869E+00 2.23438E-03-4.48664E-03
    1498  7.24220E+00 2.23261E-03-4.47769E-03
    1499  7.24570E+00 2.23068E-03-4.46869E-03
    1500  7.24920E+00 2.22882E-03-4.45984E-03
    1501  7.25270E+00 2.22685E-03-4.45088E-03
    1502  7.25620E+00 2.22487E-03-4.44209E-03
    1503  7.25971E+00 2.22288E-03-4.43328E-03
    1504  7.26321E+00 2.22089E-03-4.42448E-03
    1505  7.26671E+00 2.21881E-03-4.41577E-03
    1506  7.27021E+00 2.21678E-03-4.40703E-03
    1507  7.27371E+00 2.21471E-03-4.39841E-03
    1508  7.27722E+00 2.21263E-03-4.38978E-03
    1509  7.28072E+00 2.21045E-03-4.38111E-03
    1510  7.28422E+00 2.20838E-03-4.37262E-03
    1511  7.28772E+00 2.20623E-03-4.36406E-03
    1512  7.29122E+00 2.20396E-03-4.35551E-03
    1513  7.29472E+00 2.20182E-03-4.34704E-03
    1514  7.29823E+00 2.19957E-03-4.33859E-03
    1515  7.30173E+00 2.19738E-03-4.33012E-03
    1516  7.30523E+00 2.19519E-03-4.32172E-03
    1517  7.30873E+00 2.19291E-03-4.31334E-03
    1518  7.31223E+00 2.19073E-03-4.30502E-03
    1519  7.31574E+00 2.18847E-03-4.29673E-03
    1520  7.31924E+00 2.18618E-03-4.28836E-03
    1521  7.32274E+00 2.18394E-03-4.28010E-03
    1522  7.32624E+00 2.18161E-03-4.27190E-03
    1523  7.32974E+00 2.17940E-03-4.26367E-03
    1524  7.33325E+00 2.17705E-03-4.25549E-03
    1525  7.33675E+00 2.17477E-03-4.24728E-03
    1526  7.34025E+00 2.17247E-03-4.23917E-03
    1527  7.34375E+00 2.17010E-03-4.23097E-03
    1528  7.34725E+00 2.16784E-03-4.22287E-03
    1529  7.35075E+00 2.16543E-03-4.21473E-03
    1530  7.35426E+00 2.16318E-03-4.20665E-03
    1531  7.35776E+00 2.16082E-03-4.19867E-03
    1532  7.36126E+00 2.15848E-03-4.19058E-03
    1533  7.36476E+00 2.15615E-03-4.18254E-03
    1534  7.36826E+00 2.15380E-03-4.17459E-03
    1535  7.37177E+00 2.15147E-03-4.16656E-03
    1536  7.37527E+00 2.14914E-03-4.15867E-03
    1537  7.37877E+00 2.14678E-03-4.15072E-03
    1538  7.38227E+00 2.14445E-03-4.14276E-03
    1539  7.38577E+00 2.14208E-03-4.13490E-03
    1540  7.38928E+00 2.13977E-03-4.12701E-03
    1541  7.39278E+00 2.13741E-03-4.11915E-03
    1542  7.39628E+00 2.13498E-03-4.11124E-03
    1543  7.39978E+00 2.13266E-03-4.10346E-03
    1544  7.40328E+00 2.13027E-03-4.09563E-03
    1545  7.40679E+00 2.12794E-03-4.08781E-03
    1546  7.41029E+00 2.12562E-03-4.08008E-03
    1547  7.41379E+00 2.12329E-03-4.07233E-03
    1548  7.41729E+00 2.12088E-03-4.06454E-03
    1549  7.42079E+00 2.11856E-03-4.05683E-03
    1550  7.42429E+00 2.11622E-03-4.04911E-03
    1551  7.42780E+00 2.11386E-03-4.04139E-03
    1552  7.43130E+00 2.11149E-03-4.03369E-03
    1553  7.43480E+00 2.10917E-03-4.02605E-03
    1554  7.43830E+00 2.10682E-03-4.01836E-03
    1555  7.44180E+00 2.10444E-03-4.01074E-03
    1556  7.44531E+00 2.10215E-03-4.00316E-03
    1557  7.44881E+00 2.09980E-03-3.99551E-03
    1558  7.45231E+00 2.09746E-03-3.98792E-03
    1559  7.45581E+00 2.09511E-03-3.98030E-03
    1560  7.45931E+00 2.09282E-03-3.97281E-03
    1561  7.46282E+00 2.09047E-03-3.96521E-03
    1562  7.46632E+00 2.08821E-03-3.95769E-03
    1563  7.46982E+00 2.08584E-03-3.95018E-03
    1564  7.47332E+00 2.08354E-03-3.94267E-03
    1565  7.47682E+00 2.08121E-03-3.93519E-03
    1566  7.48032E+00 2.07891E-03-3.92769E-03
    1567  7.48383E+00 2.07656E-03-3.92020E-03
    1568  7.48733E+00 2.07428E-03-3.91276E-03
    1569  7.49083E+00 2.07197E-03-3.90530E-03
    1570  7.49433E+00 2.06970E-03-3.89791E-03
    1571  7.49783E+00 2.06740E-03-3.89051E-03
    1572  7.50134E+00 2.06509E-03-3.88309E-03
    1573  7.50484E+00 2.06282E-03-3.87571E-03
    1574  7.50834E+00 2.06053E-03-3.86833E-03
    1575  7.51184E+00 2.05825E-03-3.86096E-03
    1576  7.51534E+00 2.05599E-03-3.85363E-03
    1577  7.51885E+00 2.05372E-03-3.84630E-03
    1578  7.52235E+00 2.05142E-03-3.83893E-03
    1579  7.52585E+00 2.04923E-03-3.83165E-03
    1580  7.52935E+00 2.04693E-03-3.82434E-03
    1581  7.53285E+00 2.04469E-03-3.81703E-03
    1582  7.53636E+00 2.04246E-03-3.80983E-03
    1583  7.53986E+00 2.04021E-03-3.80253E-03
    1584  7.54336E+00 2.03796E-03-3.79531E-03
    1585  7.54686E+00 2.03576E-03-3.78807E-03
    1586  7.55036E+00 2.03354E-03-3.78086E-03
    1587  7.55386E+00 2.03127E-03-3.77364E-03
    1588  7.55737E+00 2.02907E-03-3.76642E-03
    1589  7.56087E+00 2.02685E-03-3.75925E-03
    1590  7.56437E+00 2.02464E-03-3.75206E-03
    1591  7.56787E+00 2.02245E-03-3.74488E-03
    1592  7.57137E+00 2.02024E-03-3.73774E-03
    1593  7.57488E+00 2.01805E-03-3.73060E-03
    1594  7.57838E+00 2.01587E-03-3.72348E-03
    1595  7.58188E+00 2.01367E-03-3.71636E-03
    1596  7.58538E+00 2.01151E-03-3.70927E-03
    1597  7.58888E+00 2.00931E-03-3.70216E-03
    1598  7.59239E+00 2.00719E-03-3.69507E-03
    1599  7.59589E+00 2.00501E-03-3.68803E-03
    1600  7.59939E+00 2.00286E-03-3.68093E-03
    1601  7.60289E+00 2.00068E-03-3.67389E-03
    1602  7.60639E+00 1.99853E-03-3.66684E-03
    1603  7.60989E+00 1.99642E-03-3.65982E-03
    1604  7.61340E+00 1.99424E-03-3.65280E-03
    1605  7.61690E+00 1.99214E-03-3.64581E-03
    1606  7.62040E+00 1.98999E-03-3.63881E-03
    1607  7.62390E+00 1.98790E-03-3.63182E-03
    1608  7.62740E+00 1.98579E-03-3.62483E-03
    1609  7.63091E+00 1.98368E-03-3.61789E-03
    1610  7.63441E+00 1.98158E-03-3.61093E-03
    1611  7.63791E+00 1.97946E-03-3.60399E-03
    1612  7.64141E+00 1.97738E-03-3.59706E-03
    1613  7.64491E+00 1.97529E-03-3.59015E-03
    1614  7.64842E+00 1.97321E-03-3.58322E-03
    1615  7.65192E+00 1.97115E-03-3.57632E-03
    1616  7.65542E+00 1.96905E-03-3.56944E-03
    1617  7.65892E+00 1.96698E-03-3.56256E-03
    1618  7.66242E+00 1.96493E-03-3.55570E-03
    1619  7.66593E+00 1.96289E-03-3.54884E-03
    1620  7.66943E+00 1.96083E-03-3.54198E-03
    1621  7.67293E+00 1.95877E-03-3.53514E-03
    1622  7.67643E+00 1.95676E-03-3.52833E-03
    1623  7.67993E+00 1.95468E-03-3.52148E-03
    1624  7.68343E+00 1.95270E-03-3.51471E-03
    1625  7.68694E+00 1.95066E-03-3.50791E-03
    1626  7.69044E+00 1.94866E-03-3.50110E-03
    1627  7.69394E+00 1.94663E-03-3.49429E-03
    1628  7.69744E+00 1.94465E-03-3.48758E-03
    1629  7.70094E+00 1.94265E-03-3.48082E-03
    1630  7.70445E+00 1.94061E-03-3.47404E-03
    1631  7.70795E+00 1.93866E-03-3.46731E-03
    1632  7.71145E+00 1.93667E-03-3.46056E-03
    1633  7.71495E+00 1.93468E-03-3.45386E-03
    1634  7.71845E+00 1.93271E-03-3.44714E-03
    1635  7.72196E+00 1.93075E-03-3.44045E-03
    1636  7.72546E+00 1.92878E-03-3.43376E-03
    1637  7.72896E+00 1.92687E-03-3.42710E-03
    1638  7.73246E+00 1.92489E-03-3.42042E-03
    1639  7.73596E+00 1.92295E-03-3.41374E-03
    1640  7.73946E+00 1.92098E-03-3.40708E-03
    1641  7.74297E+00 1.91910E-03-3.40046E-03
    1642  7.74647E+00 1.91714E-03-3.39383E-03
    1643  7.74997E+00 1.91525E-03-3.38719E-03
    1644  7.75347E+00 1.91333E-03-3.38059E-03
    1645  7.75697E+00 1.91141E-03-3.37400E-03
    1646  7.76048E+00 1.90950E-03-3.36738E-03
    1647  7.76398E+00 1.90760E-03-3.36082E-03
    1648  7.76748E+00 1.90573E-03-3.35426E-03
    1649  7.77098E+00 1.90383E-03-3.34766E-03
    1650  7.77448E+00 1.90195E-03-3.34111E-03
    1651  7.77799E+00 1.90006E-03-3.33453E-03
    1652  7.78149E+00 1.89820E-03-3.32803E-03
    1653  7.78499E+00 1.89633E-03-3.32147E-03
    1654  7.78849E+00 1.89447E-03-3.31497E-03
    1655  7.79199E+00 1.89262E-03-3.30845E-03
    1656  7.79550E+00 1.89078E-03-3.30193E-03
    1657  7.79900E+00 1.88892E-03-3.29544E-03
    1658  7.80250E+00 1.88711E-03-3.28897E-03
    1659  7.80600E+00 1.88525E-03-3.28250E-03
    1660  7.80950E+00 1.88343E-03-3.27603E-03
    1661  7.81300E+00 1.88162E-03-3.26956E-03
    1662  7.81651E+00 1.87978E-03-3.26310E-03
    1663  7.82001E+00 1.87800E-03-3.25668E-03
    1664  7.82351E+00 1.87616E-03-3.25024E-03
    1665  7.82701E+00 1.87440E-03-3.24382E-03
    1666  7.83051E+00 1.87256E-03-3.23738E-03
    1667  7.83402E+00 1.87079E-03-3.23099E-03
    1668  7.83752E+00 1.86900E-03-3.22457E-03
    1669  7.84102E+00 1.86722E-03-3.21819E-03
    1670  7.84452E+00 1.86547E-03-3.21183E-03
    1671  7.84802E+00 1.86370E-03-3.20547E-03
    1672  7.85153E+00 1.86192E-03-3.19906E-03
    1673  7.85503E+00 1.86020E-03-3.19274E-03
    1674  7.85853E+00 1.85843E-03-3.18639E-03
    1675  7.86203E+00 1.85666E-03-3.18003E-03
    1676  7.86553E+00 1.85492E-03-3.17370E-03
    1677  7.86903E+00 1.85321E-03-3.16740E-03
    1678  7.87254E+00 1.85149E-03-3.16108E-03
    1679  7.87604E+00 1.84974E-03-3.15477E-03
    1680  7.87954E+00 1.84805E-03-3.14848E-03
    1681  7.88304E+00 1.84631E-03-3.14220E-03
    1682  7.88654E+00 1.84462E-03-3.13591E-03
    1683  7.89005E+00 1.84290E-03-3.12966E-03
    1684  7.89355E+00 1.84122E-03-3.12339E-03
    1685  7.89705E+00 1.83953E-03-3.11713E-03
    1686  7.90055E+00 1.83784E-03-3.11089E-03
    1687  7.90405E+00 1.83615E-03-3.10464E-03
    1688  7.90756E+00 1.83447E-03-3.09843E-03
    1689  7.91106E+00 1.83280E-03-3.09219E-03
    1690  7.91456E+00 1.83113E-03-3.08596E-03
    1691  7.91806E+00 1.82948E-03-3.07977E-03
    1692  7.92156E+00 1.82782E-03-3.07358E-03
    1693  7.92507E+00 1.82617E-03-3.06740E-03
    1694  7.92857E+00 1.82452E-03-3.06120E-03
    1695  7.93207E+00 1.82287E-03-3.05503E-03
    1696  7.93557E+00 1.82124E-03-3.04886E-03
    1697  7.93907E+00 1.81963E-03-3.04270E-03
    1698  7.94257E+00 1.81798E-03-3.03656E-03
    1699  7.94608E+00 1.81638E-03-3.03042E-03
    1700  7.94958E+00 1.81474E-03-3.02428E-03
    1701  7.95308E+00 1.81316E-03-3.01816E-03
    1702  7.95658E+00 1.81154E-03-3.01202E-03
    1703  7.96008E+00 1.80994E-03-3.00592E-03
    1704  7.96359E+00 1.80835E-03-2.99983E-03
    1705  7.96709E+00 1.80675E-03-2.99374E-03
    1706  7.97059E+00 1.80518E-03-2.98764E-03
    1707  7.97409E+00 1.80361E-03-2.98157E-03
    1708  7.97759E+00 1.80202E-03-2.97550E-03
    1709  7.98110E+00 1.80046E-03-2.96944E-03
    1710  7.98460E+00 1.79889E-03-2.96338E-03
    1711  7.98810E+00 1.79732E-03-2.95733E-03
    1712  7.99160E+00 1.79577E-03-2.95130E-03
    1713  7.99510E+00 1.79421E-03-2.94525E-03
    1714  7.99860E+00 1.79270E-03-2.93924E-03
    1715  8.00211E+00 1.79113E-03-2.93321E-03 1
    1716  8.00561E+00 1.78961E-03-2.92720E-03
    1717  8.00911E+00 1.78807E-03-2.92122E-03
    1718  8.01261E+00 1.78655E-03-2.91521E-03
    1719  8.01611E+00 1.78504E-03-2.90922E-03
    1720  8.01962E+00 1.78351E-03-2.90326E-03
    1721  8.02312E+00 1.78200E-03-2.89727E-03
    1722  8.02662E+00 1.78048E-03-2.89131E-03
    1723  8.03012E+00 1.77901E-03-2.88536E-03
    1724  8.03362E+00 1.77748E-03-2.87940E-03
    1725  8.03713E+00 1.77601E-03-2.87346E-03
    1726  8.04063E+00 1.77452E-03-2.86750E-03
    1727  8.04413E+00 1.77303E-03-2.86159E-03
    1728  8.04763E+00 1.77156E-03-2.85566E-03
    1729  8.05113E+00 1.77007E-03-2.84975E-03
    1730  8.05464E+00 1.76863E-03-2.84386E-03
    1731  8.05814E+00 1.76716E-03-2.83794E-03
    1732  8.06164E+00 1.76569E-03-2.83207E-03
    1733  8.06514E+00 1.76426E-03-2.82619E-03
    1734  8.06864E+00 1.76278E-03-2.82030E-03
    1735  8.07214E+00 1.76135E-03-2.81442E-03
    1736  8.07565E+00 1.75990E-03-2.80857E-03
    1737  8.07915E+00 1.75847E-03-2.80270E-03
    1738  8.08265E+00 1.75705E-03-2.79685E-03
    1739  8.08615E+00 1.75561E-03-2.79102E-03
    1740  8.08965E+00 1.75420E-03-2.78518E-03
    1741  8.09316E+00 1.75277E-03-2.77937E-03
    1742  8.09666E+00 1.75138E-03-2.77355E-03
    1743  8.10016E+00 1.74997E-03-2.76773E-03
    1744  8.10366E+00 1.74855E-03-2.76192E-03
    1745  8.10716E+00 1.74716E-03-2.75612E-03
    1746  8.11067E+00 1.74576E-03-2.75034E-03
    1747  8.11417E+00 1.74437E-03-2.74454E-03
    1748  8.11767E+00 1.74301E-03-2.73876E-03
    1749  8.12117E+00 1.74161E-03-2.73300E-03
    1750  8.12467E+00 1.74024E-03-2.72723E-03
    1751  8.12817E+00 1.73886E-03-2.72148E-03
    1752  8.13168E+00 1.73749E-03-2.71572E-03
    1753  8.13518E+00 1.73614E-03-2.71000E-03
    1754  8.13868E+00 1.73476E-03-2.70423E-03
    1755  8.14218E+00 1.73343E-03-2.69851E-03
    1756  8.14568E+00 1.73208E-03-2.69280E-03
    1757  8.14919E+00 1.73073E-03-2.68707E-03
    1758  8.15269E+00 1.72938E-03-2.68136E-03
    1759  8.15619E+00 1.72807E-03-2.67567E-03
    1760  8.15969E+00 1.72672E-03-2.66995E-03
    1761  8.16319E+00 1.72540E-03-2.66429E-03
    1762  8.16670E+00 1.72408E-03-2.65859E-03
    1763  8.17020E+00 1.72276E-03-2.65293E-03
    1764  8.17370E+00 1.72143E-03-2.64723E-03
    1765  8.17720E+00 1.72012E-03-2.64160E-03
    1766  8.18070E+00 1.71883E-03-2.63595E-03
    1767  8.18421E+00 1.71751E-03-2.63027E-03
    1768  8.18771E+00 1.71623E-03-2.62464E-03
    1769  8.19121E+00 1.71494E-03-2.61902E-03
    1770  8.19471E+00 1.71364E-03-2.61337E-03
    1771  8.19821E+00 1.71234E-03-2.60774E-03
    1772  8.20171E+00 1.71109E-03-2.60214E-03
    1773  8.20522E+00 1.70979E-03-2.59652E-03
    1774  8.20872E+00 1.70855E-03-2.59093E-03
    1775  8.21222E+00 1.70726E-03-2.58533E-03
    1776  8.21572E+00 1.70601E-03-2.57973E-03
    1777  8.21922E+00 1.70473E-03-2.57413E-03
    1778  8.22273E+00 1.70349E-03-2.56858E-03
    1779  8.22623E+00 1.70224E-03-2.56301E-03
    1780  8.22973E+00 1.70098E-03-2.55743E-03
    1781  8.23323E+00 1.69974E-03-2.55186E-03
    1782  8.23673E+00 1.69850E-03-2.54633E-03
    1783  8.24024E+00 1.69727E-03-2.54077E-03
    1784  8.24374E+00 1.69604E-03-2.53524E-03
    1785  8.24724E+00 1.69481E-03-2.52970E-03
    1786  8.25074E+00 1.69358E-03-2.52416E-03
    1787  8.25424E+00 1.69236E-03-2.51865E-03
    1788  8.25774E+00 1.69116E-03-2.51314E-03
    1789  8.26125E+00 1.68996E-03-2.50763E-03
    1790  8.26475E+00 1.68873E-03-2.50212E-03
    1791  8.26825E+00 1.68754E-03-2.49663E-03
    1792  8.27175E+00 1.68633E-03-2.49114E-03
    1793  8.27525E+00 1.68514E-03-2.48565E-03
    1794  8.27876E+00 1.68394E-03-2.48019E-03
    1795  8.28226E+00 1.68276E-03-2.47472E-03
    1796  8.28576E+00 1.68158E-03-2.46923E-03
    1797  8.28926E+00 1.68039E-03-2.46379E-03
    1798  8.29276E+00 1.67923E-03-2.45833E-03
    1799  8.29627E+00 1.67806E-03-2.45290E-03
    1800  8.29977E+00 1.67689E-03-2.44743E-03
    1801  8.30327E+00 1.67573E-03-2.44201E-03
    1802  8.30677E+00 1.67457E-03-2.43659E-03
    1803  8.31027E+00 1.67341E-03-2.43115E-03
    1804  8.31378E+00 1.67227E-03-2.42575E-03
    1805  8.31728E+00 1.67111E-03-2.42034E-03
    1806  8.32078E+00 1.66998E-03-2.41492E-03
    1807  8.32428E+00 1.66883E-03-2.40953E-03
    1808  8.32778E+00 1.66770E-03-2.40413E-03
    1809  8.33128E+00 1.66655E-03-2.39875E-03
    1810  8.33479E+00 1.66541E-03-2.39335E-03
    1811  8.33829E+00 1.66430E-03-2.38800E-03
    1812  8.34179E+00 1.66317E-03-2.38262E-03
    1813  8.34529E+00 1.66207E-03-2.37725E-03
    1814  8.34879E+00 1.66095E-03-2.37190E-03
    1815  8.35230E+00 1.65986E-03-2.36656E-03
    1816  8.35580E+00 1.65873E-03-2.36120E-03
    1817  8.35930E+00 1.65763E-03-2.35587E-03
    1818  8.36280E+00 1.65654E-03-2.35053E-03
    1819  8.36630E+00 1.65543E-03-2.34519E-03
    1820  8.36981E+00 1.65436E-03-2.33988E-03
    1821  8.37331E+00 1.65326E-03-2.33457E-03
    1822  8.37681E+00 1.65218E-03-2.32924E-03
    1823  8.38031E+00 1.65107E-03-2.32392E-03
    1824  8.38381E+00 1.65003E-03-2.31865E-03
    1825  8.38731E+00 1.64895E-03-2.31334E-03
    1826  8.39082E+00 1.64786E-03-2.30805E-03
    1827  8.39432E+00 1.64680E-03-2.30276E-03
    1828  8.39782E+00 1.64573E-03-2.29749E-03
    1829  8.40132E+00 1.64467E-03-2.29222E-03
    1830  8.40482E+00 1.64363E-03-2.28694E-03
    1831  8.40833E+00 1.64257E-03-2.28170E-03
    1832  8.41183E+00 1.64154E-03-2.27644E-03
    1833  8.41533E+00 1.64047E-03-2.27119E-03
    1834  8.41883E+00 1.63945E-03-2.26596E-03
    1835  8.42233E+00 1.63838E-03-2.26069E-03
    1836  8.42584E+00 1.63736E-03-2.25546E-03
    1837  8.42934E+00 1.63633E-03-2.25023E-03
    1838  8.43284E+00 1.63529E-03-2.24501E-03
    1839  8.43634E+00 1.63428E-03-2.23978E-03
    1840  8.43984E+00 1.63325E-03-2.23459E-03
    1841  8.44335E+00 1.63224E-03-2.22938E-03
    1842  8.44685E+00 1.63123E-03-2.22417E-03
    1843  8.45035E+00 1.63022E-03-2.21899E-03
    1844  8.45385E+00 1.62922E-03-2.21380E-03
    1845  8.45735E+00 1.62820E-03-2.20861E-03
    1846  8.46085E+00 1.62720E-03-2.20342E-03
    1847  8.46436E+00 1.62623E-03-2.19826E-03
    1848  8.46786E+00 1.62522E-03-2.19309E-03
    1849  8.47136E+00 1.62423E-03-2.18792E-03
    1850  8.47486E+00 1.62324E-03-2.18276E-03
    1851  8.47836E+00 1.62226E-03-2.17761E-03
    1852  8.48187E+00 1.62127E-03-2.17246E-03
    1853  8.48537E+00 1.62030E-03-2.16732E-03
    1854  8.48887E+00 1.61934E-03-2.16219E-03
    1855  8.49237E+00 1.61834E-03-2.15703E-03
    1856  8.49587E+00 1.61739E-03-2.15191E-03
    1857  8.49938E+00 1.61641E-03-2.14680E-03
    1858  8.50288E+00 1.61546E-03-2.14166E-03
    1859  8.50638E+00 1.61450E-03-2.13655E-03
    1860  8.50988E+00 1.61356E-03-2.13147E-03
    1861  8.51338E+00 1.61260E-03-2.12635E-03
    1862  8.51688E+00 1.61165E-03-2.12126E-03
    1863  8.52039E+00 1.61072E-03-2.11617E-03
    1864  8.52389E+00 1.60977E-03-2.11109E-03
    1865  8.52739E+00 1.60883E-03-2.10600E-03
    1866  8.53089E+00 1.60791E-03-2.10093E-03
    1867  8.53439E+00 1.60697E-03-2.09585E-03
    1868  8.53790E+00 1.60604E-03-2.09079E-03
    1869  8.54140E+00 1.60511E-03-2.08573E-03
    1870  8.54490E+00 1.60419E-03-2.08067E-03
    1871  8.54840E+00 1.60328E-03-2.07561E-03
    1872  8.55190E+00 1.60235E-03-2.07056E-03
    1873  8.55541E+00 1.60146E-03-2.06554E-03
    1874  8.55891E+00 1.60054E-03-2.06049E-03
    1875  8.56241E+00 1.59963E-03-2.05545E-03
    1876  8.56591E+00 1.59873E-03-2.05042E-03
    1877  8.56941E+00 1.59783E-03-2.04541E-03
    1878  8.57292E+00 1.59693E-03-2.04038E-03
    1879  8.57642E+00 1.59604E-03-2.03538E-03
    1880  8.57992E+00 1.59516E-03-2.03037E-03
    1881  8.58342E+00 1.59427E-03-2.02538E-03
    1882  8.58692E+00 1.59338E-03-2.02037E-03
    1883  8.59042E+00 1.59251E-03-2.01538E-03
    1884  8.59393E+00 1.59162E-03-2.01038E-03
    1885  8.59743E+00 1.59074E-03-2.00539E-03
    1886  8.60093E+00 1.58987E-03-2.00043E-03
    1887  8.60443E+00 1.58900E-03-1.99545E-03
    1888  8.60793E+00 1.58815E-03-1.99048E-03
    1889  8.61144E+00 1.58727E-03-1.98551E-03
    1890  8.61494E+00 1.58643E-03-1.98056E-03
    1891  8.61844E+00 1.58555E-03-1.97559E-03
    1892  8.62194E+00 1.58471E-03-1.97065E-03
    1893  8.62544E+00 1.58385E-03-1.96571E-03
    1894  8.62895E+00 1.58301E-03-1.96076E-03
    1895  8.63245E+00 1.58217E-03-1.95582E-03
    1896  8.63595E+00 1.58133E-03-1.95090E-03
    1897  8.63945E+00 1.58048E-03-1.94596E-03
    1898  8.64295E+00 1.57963E-03-1.94102E-03
    1899  8.64645E+00 1.57881E-03-1.93612E-03
    1900  8.64996E+00 1.57798E-03-1.93119E-03
    1901  8.65346E+00 1.57715E-03-1.92629E-03
    1902  8.65696E+00 1.57633E-03-1.92137E-03
    1903  8.66046E+00 1.57550E-03-1.91648E-03
    1904  8.66396E+00 1.57468E-03-1.91158E-03
    1905  8.66747E+00 1.57386E-03-1.90670E-03
    1906  8.67097E+00 1.57306E-03-1.90181E-03
    1907  8.67447E+00 1.57225E-03-1.89693E-03
    1908  8.67797E+00 1.57142E-03-1.89203E-03
    1909  8.68147E+00 1.57063E-03-1.88717E-03
    1910  8.68498E+00 1.56982E-03-1.88230E-03
    1911  8.68848E+00 1.56903E-03-1.87743E-03
    1912  8.69198E+00 1.56824E-03-1.87256E-03
    1913  8.69548E+00 1.56743E-03-1.86771E-03
    1914  8.69898E+00 1.56665E-03-1.86285E-03
    1915  8.70249E+00 1.56586E-03-1.85802E-03
    1916  8.70599E+00 1.56508E-03-1.85318E-03
    1917  8.70949E+00 1.56429E-03-1.84832E-03
    1918  8.71299E+00 1.56351E-03-1.84349E-03
    1919  8.71649E+00 1.56275E-03-1.83867E-03
    1920  8.71999E+00 1.56197E-03-1.83384E-03
    1921  8.72350E+00 1.56118E-03-1.82900E-03
    1922  8.72700E+00 1.56043E-03-1.82421E-03
    1923  8.73050E+00 1.55966E-03-1.81937E-03
    1924  8.73400E+00 1.55890E-03-1.81456E-03
    1925  8.73750E+00 1.55813E-03-1.80975E-03
    1926  8.74101E+00 1.55738E-03-1.80495E-03
    1927  8.74451E+00 1.55661E-03-1.80015E-03
    1928  8.74801E+00 1.55586E-03-1.79536E-03
    1929  8.75151E+00 1.55514E-03-1.79058E-03
    1930  8.75501E+00 1.55436E-03-1.78578E-03
    1931  8.75852E+00 1.55363E-03-1.78100E-03
    1932  8.76202E+00 1.55289E-03-1.77624E-03
    1933  8.76552E+00 1.55215E-03-1.77145E-03
    1934  8.76902E+00 1.55140E-03-1.76668E-03
    1935  8.77252E+00 1.55068E-03-1.76191E-03
    1936  8.77602E+00 1.54995E-03-1.75714E-03
    1937  8.77953E+00 1.54921E-03-1.75239E-03
    1938  8.78303E+00 1.54849E-03-1.74764E-03
    1939  8.78653E+00 1.54776E-03-1.74289E-03
    1940  8.79003E+00 1.54704E-03-1.73814E-03
    1941  8.79353E+00 1.54634E-03-1.73340E-03
    1942  8.79704E+00 1.54562E-03-1.72867E-03
    1943  8.80054E+00 1.54490E-03-1.72392E-03
    1944  8.80404E+00 1.54419E-03-1.71920E-03
    1945  8.80754E+00 1.54349E-03-1.71447E-03
    1946  8.81104E+00 1.54279E-03-1.70974E-03
    1947  8.81455E+00 1.54207E-03-1.70502E-03
    1948  8.81805E+00 1.54138E-03-1.70031E-03
    1949  8.82155E+00 1.54068E-03-1.69560E-03
    1950  8.82505E+00 1.53999E-03-1.69089E-03
    1951  8.82855E+00 1.53928E-03-1.68619E-03
    1952  8.83206E+00 1.53861E-03-1.68150E-03
    1953  8.83556E+00 1.53792E-03-1.67678E-03
    1954  8.83906E+00 1.53723E-03-1.67210E-03
    1955  8.84256E+00 1.53656E-03-1.66742E-03
    1956  8.84606E+00 1.53586E-03-1.66272E-03
    1957  8.84956E+00 1.53519E-03-1.65804E-03
    1958  8.85307E+00 1.53453E-03-1.65337E-03
    1959  8.85657E+00 1.53384E-03-1.64869E-03
    1960  8.86007E+00 1.53317E-03-1.64401E-03
    1961  8.86357E+00 1.53250E-03-1.63935E-03
    1962  8.86707E+00 1.53185E-03-1.63469E-03
    1963  8.87058E+00 1.53117E-03-1.63002E-03
    1964  8.87408E+00 1.53052E-03-1.62538E-03
    1965  8.87758E+00 1.52987E-03-1.62072E-03
    1966  8.88108E+00 1.52921E-03-1.61608E-03
    1967  8.88458E+00 1.52856E-03-1.61143E-03
    1968  8.88809E+00 1.52791E-03-1.60680E-03
    1969  8.89159E+00 1.52726E-03-1.60215E-03
    1970  8.89509E+00 1.52662E-03-1.59750E-03
    1971  8.89859E+00 1.52598E-03-1.59289E-03
    1972  8.90209E+00 1.52533E-03-1.58825E-03
    1973  8.90559E+00 1.52468E-03-1.58362E-03
    1974  8.90910E+00 1.52406E-03-1.57900E-03
    1975  8.91260E+00 1.52343E-03-1.57439E-03
    1976  8.91610E+00 1.52278E-03-1.56976E-03
    1977  8.91960E+00 1.52217E-03-1.56516E-03
    1978  8.92310E+00 1.52155E-03-1.56057E-03
    1979  8.92661E+00 1.52091E-03-1.55594E-03
    1980  8.93011E+00 1.52029E-03-1.55135E-03
    1981  8.93361E+00 1.51968E-03-1.54675E-03
    1982  8.93711E+00 1.51906E-03-1.54215E-03
    1983  8.94061E+00 1.51844E-03-1.53756E-03
    1984  8.94412E+00 1.51784E-03-1.53298E-03
    1985  8.94762E+00 1.51722E-03-1.52840E-03
    1986  8.95112E+00 1.51661E-03-1.52381E-03
    1987  8.95462E+00 1.51602E-03-1.51923E-03
    1988  8.95812E+00 1.51541E-03-1.51467E-03
    1989  8.96163E+00 1.51481E-03-1.51008E-03
    1990  8.96513E+00 1.51420E-03-1.50551E-03
    1991  8.96863E+00 1.51362E-03-1.50095E-03
    1992  8.97213E+00 1.51301E-03-1.49640E-03
    1993  8.97563E+00 1.51244E-03-1.49184E-03
    1994  8.97913E+00 1.51185E-03-1.48728E-03
    1995  8.98264E+00 1.51125E-03-1.48273E-03
    1996  8.98614E+00 1.51066E-03-1.47817E-03
    1997  8.98964E+00 1.51008E-03-1.47363E-03
    1998  8.99314E+00 1.50950E-03-1.46908E-03
    1999  8.99664E+00 1.50893E-03-1.46453E-03
    2000  9.00015E+00 1.50835E-03-1.46000E-03 1
