CE FAN ANTENNA
GW1,8,12.5,0.,.75,.44,-2.89,16.4,.01,
GW2,8,12.5,0.,.75,.44,0.,16.4,.01,
GW3,8,12.5,0.,.75,.44,2.89,16.4,.01,
GW4,2,12.5,0.,0.,12.5,0.,.75,.1,
GW5,4,0.,0.,0.,0.,0.,9.,.3125,
GW5,4,0.,0.,9.,0.,0.,17.,.3125,
GW5,1,0.,0.,17.,0.,0.,18.,.3125,
GW6,3,0.,0.,17.,0.,-3.75,17.,.156,
GW6,3,0.,0.,17.,0.,3.75,17.,.156,
GW7,4,3.5,-2.25,0.,0.,0.,9.,.156,
GW8,4,3.5,2.25,0.,0.,0.,9.,.156,
GS0,0,.6096,
GE1,1
GN1,
EX0,4,1,0,1.,
FR0,8,0,0,2.,1.,
RP0,19,10,1000,0.,0.,5.,10.
XQ
EN
FR0,8,0,0,2.,1.,
FR0,15,0,0,2.,.5
FR0,20,0,0,6.98,.001,
RP0,19,37,1002,0.,0.,5.,5.,
