   900
 -.571500E+00 -.609500E+00 -.101600E+01  -.381000E+00 -.609500E+00 -.101600E+01
 -.381000E+00 -.609500E+00 -.101600E+01  -.190500E+00 -.609500E+00 -.101600E+01
 -.190500E+00 -.609500E+00 -.101600E+01  0.000000E+00 -.609500E+00 -.101600E+01
 0.000000E+00 -.609500E+00 -.101600E+01  0.190500E+00 -.609500E+00 -.101600E+01
 0.190500E+00 -.609500E+00 -.101600E+01  0.381000E+00 -.609500E+00 -.101600E+01
 0.381000E+00 -.609500E+00 -.101600E+01  0.571500E+00 -.609500E+00 -.101600E+01
 -.571500E+00 -.406300E+00 -.101600E+01  -.381000E+00 -.406300E+00 -.101600E+01
 -.381000E+00 -.406300E+00 -.101600E+01  -.190500E+00 -.406300E+00 -.101600E+01
 -.190500E+00 -.406300E+00 -.101600E+01  0.000000E+00 -.406300E+00 -.101600E+01
 0.000000E+00 -.406300E+00 -.101600E+01  0.190500E+00 -.406300E+00 -.101600E+01
 0.190500E+00 -.406300E+00 -.101600E+01  0.381000E+00 -.406300E+00 -.101600E+01
 0.381000E+00 -.406300E+00 -.101600E+01  0.571500E+00 -.406300E+00 -.101600E+01
 -.571500E+00 -.203200E+00 -.101600E+01  -.381000E+00 -.203200E+00 -.101600E+01
 -.381000E+00 -.203200E+00 -.101600E+01  -.190500E+00 -.203200E+00 -.101600E+01
 -.190500E+00 -.203200E+00 -.101600E+01  0.000000E+00 -.203200E+00 -.101600E+01
 0.000000E+00 -.203200E+00 -.101600E+01  0.190500E+00 -.203200E+00 -.101600E+01
 0.190500E+00 -.203200E+00 -.101600E+01  0.381000E+00 -.203200E+00 -.101600E+01
 0.381000E+00 -.203200E+00 -.101600E+01  0.571500E+00 -.203200E+00 -.101600E+01
 -.571500E+00 0.000000E+00 -.101600E+01  -.381000E+00 0.000000E+00 -.101600E+01
 -.381000E+00 0.000000E+00 -.101600E+01  -.190500E+00 0.000000E+00 -.101600E+01
 -.190500E+00 0.000000E+00 -.101600E+01  0.000000E+00 0.000000E+00 -.101600E+01
 0.000000E+00 0.000000E+00 -.101600E+01  0.190500E+00 0.000000E+00 -.101600E+01
 0.190500E+00 0.000000E+00 -.101600E+01  0.381000E+00 0.000000E+00 -.101600E+01
 0.381000E+00 0.000000E+00 -.101600E+01  0.571500E+00 0.000000E+00 -.101600E+01
 -.571500E+00 0.203200E+00 -.101600E+01  -.381000E+00 0.203200E+00 -.101600E+01
 -.381000E+00 0.203200E+00 -.101600E+01  -.190500E+00 0.203200E+00 -.101600E+01
 -.190500E+00 0.203200E+00 -.101600E+01  0.000000E+00 0.203200E+00 -.101600E+01
 0.000000E+00 0.203200E+00 -.101600E+01  0.190500E+00 0.203200E+00 -.101600E+01
 0.190500E+00 0.203200E+00 -.101600E+01  0.381000E+00 0.203200E+00 -.101600E+01
 0.381000E+00 0.203200E+00 -.101600E+01  0.571500E+00 0.203200E+00 -.101600E+01
 -.571500E+00 0.406300E+00 -.101600E+01  -.381000E+00 0.406300E+00 -.101600E+01
 -.381000E+00 0.406300E+00 -.101600E+01  -.190500E+00 0.406300E+00 -.101600E+01
 -.190500E+00 0.406300E+00 -.101600E+01  0.000000E+00 0.406300E+00 -.101600E+01
 0.000000E+00 0.406300E+00 -.101600E+01  0.190500E+00 0.406300E+00 -.101600E+01
 0.190500E+00 0.406300E+00 -.101600E+01  0.381000E+00 0.406300E+00 -.101600E+01
 0.381000E+00 0.406300E+00 -.101600E+01  0.571500E+00 0.406300E+00 -.101600E+01
 -.571500E+00 0.609500E+00 -.101600E+01  -.381000E+00 0.609500E+00 -.101600E+01
 -.381000E+00 0.609500E+00 -.101600E+01  -.190500E+00 0.609500E+00 -.101600E+01
 -.190500E+00 0.609500E+00 -.101600E+01  0.000000E+00 0.609500E+00 -.101600E+01
 0.000000E+00 0.609500E+00 -.101600E+01  0.190500E+00 0.609500E+00 -.101600E+01
 0.190500E+00 0.609500E+00 -.101600E+01  0.381000E+00 0.609500E+00 -.101600E+01
 0.381000E+00 0.609500E+00 -.101600E+01  0.571500E+00 0.609500E+00 -.101600E+01
 -.571500E+00 -.609500E+00 -.101600E+01  -.571500E+00 -.406300E+00 -.101600E+01
 -.381000E+00 -.609500E+00 -.101600E+01  -.381000E+00 -.406300E+00 -.101600E+01
 -.190500E+00 -.609500E+00 -.101600E+01  -.190500E+00 -.406300E+00 -.101600E+01
 0.000000E+00 -.609500E+00 -.101600E+01  0.000000E+00 -.406300E+00 -.101600E+01
 0.190500E+00 -.609500E+00 -.101600E+01  0.190500E+00 -.406300E+00 -.101600E+01
 0.571500E+00 -.609500E+00 -.101600E+01  0.571500E+00 -.406300E+00 -.101600E+01
 -.571500E+00 -.406300E+00 -.101600E+01  -.571500E+00 -.203200E+00 -.101600E+01
 -.381000E+00 -.406300E+00 -.101600E+01  -.381000E+00 -.203200E+00 -.101600E+01
 -.190500E+00 -.406300E+00 -.101600E+01  -.190500E+00 -.203200E+00 -.101600E+01
 0.000000E+00 -.406300E+00 -.101600E+01  0.000000E+00 -.203200E+00 -.101600E+01
 0.190500E+00 -.406300E+00 -.101600E+01  0.190500E+00 -.203200E+00 -.101600E+01
 0.381000E+00 -.406300E+00 -.101600E+01  0.381000E+00 -.203200E+00 -.101600E+01
 0.571500E+00 -.406300E+00 -.101600E+01  0.571500E+00 -.203200E+00 -.101600E+01
 -.571500E+00 -.203200E+00 -.101600E+01  -.571500E+00 0.000000E+00 -.101600E+01
 -.381000E+00 -.203200E+00 -.101600E+01  -.381000E+00 0.000000E+00 -.101600E+01
 -.190500E+00 -.203200E+00 -.101600E+01  -.190500E+00 0.000000E+00 -.101600E+01
 0.000000E+00 -.203200E+00 -.101600E+01  0.000000E+00 0.000000E+00 -.101600E+01
 0.190500E+00 -.203200E+00 -.101600E+01  0.190500E+00 0.000000E+00 -.101600E+01
 0.381000E+00 -.203200E+00 -.101600E+01  0.381000E+00 0.000000E+00 -.101600E+01
 0.571500E+00 -.203200E+00 -.101600E+01  0.571500E+00 0.000000E+00 -.101600E+01
 -.571500E+00 0.000000E+00 -.101600E+01  -.571500E+00 0.203200E+00 -.101600E+01
 -.381000E+00 0.000000E+00 -.101600E+01  -.381000E+00 0.203200E+00 -.101600E+01
 -.190500E+00 0.000000E+00 -.101600E+01  -.190500E+00 0.203200E+00 -.101600E+01
 0.000000E+00 0.000000E+00 -.101600E+01  0.000000E+00 0.203200E+00 -.101600E+01
 0.190500E+00 0.000000E+00 -.101600E+01  0.190500E+00 0.203200E+00 -.101600E+01
 0.381000E+00 0.000000E+00 -.101600E+01  0.381000E+00 0.203200E+00 -.101600E+01
 0.571500E+00 0.000000E+00 -.101600E+01  0.571500E+00 0.203200E+00 -.101600E+01
 -.571500E+00 0.203200E+00 -.101600E+01  -.571500E+00 0.406300E+00 -.101600E+01
 -.381000E+00 0.203200E+00 -.101600E+01  -.381000E+00 0.406300E+00 -.101600E+01
 -.190500E+00 0.203200E+00 -.101600E+01  -.190500E+00 0.406300E+00 -.101600E+01
 0.000000E+00 0.203200E+00 -.101600E+01  0.000000E+00 0.406300E+00 -.101600E+01
 0.190500E+00 0.203200E+00 -.101600E+01  0.190500E+00 0.406300E+00 -.101600E+01
 0.381000E+00 0.203200E+00 -.101600E+01  0.381000E+00 0.406300E+00 -.101600E+01
 0.571500E+00 0.203200E+00 -.101600E+01  0.571500E+00 0.406300E+00 -.101600E+01
 -.571500E+00 0.406300E+00 -.101600E+01  -.571500E+00 0.609500E+00 -.101600E+01
 -.381000E+00 0.406300E+00 -.101600E+01  -.381000E+00 0.609500E+00 -.101600E+01
 -.190500E+00 0.406300E+00 -.101600E+01  -.190500E+00 0.609500E+00 -.101600E+01
 0.000000E+00 0.406300E+00 -.101600E+01  0.000000E+00 0.609500E+00 -.101600E+01
 0.190500E+00 0.406300E+00 -.101600E+01  0.190500E+00 0.609500E+00 -.101600E+01
 0.381000E+00 0.406300E+00 -.101600E+01  0.381000E+00 0.609500E+00 -.101600E+01
 0.571500E+00 0.406300E+00 -.101600E+01  0.571500E+00 0.609500E+00 -.101600E+01
 -.571500E+00 -.609500E+00 0.101600E+01  -.381000E+00 -.609500E+00 0.101600E+01
 -.381000E+00 -.609500E+00 0.101600E+01  -.190500E+00 -.609500E+00 0.101600E+01
 -.190500E+00 -.609500E+00 0.101600E+01  0.000000E+00 -.609500E+00 0.101600E+01
 0.000000E+00 -.609500E+00 0.101600E+01  0.190500E+00 -.609500E+00 0.101600E+01
 0.190500E+00 -.609500E+00 0.101600E+01  0.381000E+00 -.609500E+00 0.101600E+01
 0.381000E+00 -.609500E+00 0.101600E+01  0.571500E+00 -.609500E+00 0.101600E+01
 -.571500E+00 -.406300E+00 0.101600E+01  -.381000E+00 -.406300E+00 0.101600E+01
 -.381000E+00 -.406300E+00 0.101600E+01  -.190500E+00 -.406300E+00 0.101600E+01
 -.190500E+00 -.406300E+00 0.101600E+01  0.000000E+00 -.406300E+00 0.101600E+01
 0.000000E+00 -.406300E+00 0.101600E+01  0.190500E+00 -.406300E+00 0.101600E+01
 0.190500E+00 -.406300E+00 0.101600E+01  0.381000E+00 -.406300E+00 0.101600E+01
 0.381000E+00 -.406300E+00 0.101600E+01  0.571500E+00 -.406300E+00 0.101600E+01
 -.571500E+00 -.203200E+00 0.101600E+01  -.381000E+00 -.203200E+00 0.101600E+01
 -.381000E+00 -.203200E+00 0.101600E+01  -.190500E+00 -.203200E+00 0.101600E+01
 -.190500E+00 -.203200E+00 0.101600E+01  0.000000E+00 -.203200E+00 0.101600E+01
 0.000000E+00 -.203200E+00 0.101600E+01  0.190500E+00 -.203200E+00 0.101600E+01
 0.190500E+00 -.203200E+00 0.101600E+01  0.381000E+00 -.203200E+00 0.101600E+01
 0.381000E+00 -.203200E+00 0.101600E+01  0.571500E+00 -.203200E+00 0.101600E+01
 -.571500E+00 0.000000E+00 0.101600E+01  -.381000E+00 0.000000E+00 0.101600E+01
 -.381000E+00 0.000000E+00 0.101600E+01  -.190500E+00 0.000000E+00 0.101600E+01
 -.190500E+00 0.000000E+00 0.101600E+01  0.000000E+00 0.000000E+00 0.101600E+01
 0.000000E+00 0.000000E+00 0.101600E+01  0.190500E+00 0.000000E+00 0.101600E+01
 0.190500E+00 0.000000E+00 0.101600E+01  0.381000E+00 0.000000E+00 0.101600E+01
 0.381000E+00 0.000000E+00 0.101600E+01  0.571500E+00 0.000000E+00 0.101600E+01
 -.571500E+00 0.203200E+00 0.101600E+01  -.381000E+00 0.203200E+00 0.101600E+01
 -.381000E+00 0.203200E+00 0.101600E+01  -.190500E+00 0.203200E+00 0.101600E+01
 -.190500E+00 0.203200E+00 0.101600E+01  0.000000E+00 0.203200E+00 0.101600E+01
 0.000000E+00 0.203200E+00 0.101600E+01  0.190500E+00 0.203200E+00 0.101600E+01
 0.190500E+00 0.203200E+00 0.101600E+01  0.381000E+00 0.203200E+00 0.101600E+01
 0.381000E+00 0.203200E+00 0.101600E+01  0.571500E+00 0.203200E+00 0.101600E+01
 -.571500E+00 0.406300E+00 0.101600E+01  -.381000E+00 0.406300E+00 0.101600E+01
 -.381000E+00 0.406300E+00 0.101600E+01  -.190500E+00 0.406300E+00 0.101600E+01
 -.190500E+00 0.406300E+00 0.101600E+01  0.000000E+00 0.406300E+00 0.101600E+01
 0.000000E+00 0.406300E+00 0.101600E+01  0.190500E+00 0.406300E+00 0.101600E+01
 0.190500E+00 0.406300E+00 0.101600E+01  0.381000E+00 0.406300E+00 0.101600E+01
 0.381000E+00 0.406300E+00 0.101600E+01  0.571500E+00 0.406300E+00 0.101600E+01
 -.571500E+00 0.609500E+00 0.101600E+01  -.381000E+00 0.609500E+00 0.101600E+01
 -.381000E+00 0.609500E+00 0.101600E+01  -.190500E+00 0.609500E+00 0.101600E+01
 -.190500E+00 0.609500E+00 0.101600E+01  0.000000E+00 0.609500E+00 0.101600E+01
 0.000000E+00 0.609500E+00 0.101600E+01  0.190500E+00 0.609500E+00 0.101600E+01
 0.190500E+00 0.609500E+00 0.101600E+01  0.381000E+00 0.609500E+00 0.101600E+01
 0.381000E+00 0.609500E+00 0.101600E+01  0.571500E+00 0.609500E+00 0.101600E+01
 -.571500E+00 -.609500E+00 0.101600E+01  -.571500E+00 -.406300E+00 0.101600E+01
 -.381000E+00 -.609500E+00 0.101600E+01  -.381000E+00 -.406300E+00 0.101600E+01
 -.190500E+00 -.609500E+00 0.101600E+01  -.190500E+00 -.406300E+00 0.101600E+01
 0.000000E+00 -.609500E+00 0.101600E+01  0.000000E+00 -.406300E+00 0.101600E+01
 0.190500E+00 -.609500E+00 0.101600E+01  0.190500E+00 -.406300E+00 0.101600E+01
 0.381000E+00 -.609500E+00 0.101600E+01  0.381000E+00 -.406300E+00 0.101600E+01
 0.571500E+00 -.609500E+00 0.101600E+01  0.571500E+00 -.406300E+00 0.101600E+01
 -.571500E+00 -.406300E+00 0.101600E+01  -.571500E+00 -.203200E+00 0.101600E+01
 -.381000E+00 -.406300E+00 0.101600E+01  -.381000E+00 -.203200E+00 0.101600E+01
 -.190500E+00 -.406300E+00 0.101600E+01  -.190500E+00 -.203200E+00 0.101600E+01
 0.000000E+00 -.406300E+00 0.101600E+01  0.000000E+00 -.203200E+00 0.101600E+01
 0.190500E+00 -.406300E+00 0.101600E+01  0.190500E+00 -.203200E+00 0.101600E+01
 0.381000E+00 -.406300E+00 0.101600E+01  0.381000E+00 -.203200E+00 0.101600E+01
 0.571500E+00 -.406300E+00 0.101600E+01  0.571500E+00 -.203200E+00 0.101600E+01
 -.571500E+00 -.203200E+00 0.101600E+01  -.571500E+00 0.000000E+00 0.101600E+01
 -.381000E+00 -.203200E+00 0.101600E+01  -.381000E+00 0.000000E+00 0.101600E+01
 -.190500E+00 -.203200E+00 0.101600E+01  -.190500E+00 0.000000E+00 0.101600E+01
 0.000000E+00 -.203200E+00 0.101600E+01  0.000000E+00 0.000000E+00 0.101600E+01
 0.190500E+00 -.203200E+00 0.101600E+01  0.190500E+00 0.000000E+00 0.101600E+01
 0.381000E+00 -.203200E+00 0.101600E+01  0.381000E+00 0.000000E+00 0.101600E+01
 -.571500E+00 0.000000E+00 0.101600E+01  -.571500E+00 0.203200E+00 0.101600E+01
 -.381000E+00 0.000000E+00 0.101600E+01  -.381000E+00 0.203200E+00 0.101600E+01
 -.190500E+00 0.000000E+00 0.101600E+01  -.190500E+00 0.203200E+00 0.101600E+01
 0.000000E+00 0.000000E+00 0.101600E+01  0.000000E+00 0.203200E+00 0.101600E+01
 0.190500E+00 0.000000E+00 0.101600E+01  0.190500E+00 0.203200E+00 0.101600E+01
 0.381000E+00 0.000000E+00 0.101600E+01  0.381000E+00 0.203200E+00 0.101600E+01
 0.571500E+00 0.000000E+00 0.101600E+01  0.571500E+00 0.203200E+00 0.101600E+01
 -.571500E+00 0.203200E+00 0.101600E+01  -.571500E+00 0.406300E+00 0.101600E+01
 -.381000E+00 0.203200E+00 0.101600E+01  -.381000E+00 0.406300E+00 0.101600E+01
 -.190500E+00 0.203200E+00 0.101600E+01  -.190500E+00 0.406300E+00 0.101600E+01
 0.000000E+00 0.203200E+00 0.101600E+01  0.000000E+00 0.406300E+00 0.101600E+01
 0.190500E+00 0.203200E+00 0.101600E+01  0.190500E+00 0.406300E+00 0.101600E+01
 0.381000E+00 0.203200E+00 0.101600E+01  0.381000E+00 0.406300E+00 0.101600E+01
 0.571500E+00 0.203200E+00 0.101600E+01  0.571500E+00 0.406300E+00 0.101600E+01
 -.571500E+00 0.406300E+00 0.101600E+01  -.571500E+00 0.548500E+00 0.101600E+01
 -.381000E+00 0.406300E+00 0.101600E+01  -.381000E+00 0.609500E+00 0.101600E+01
 -.190500E+00 0.406300E+00 0.101600E+01  -.190500E+00 0.609500E+00 0.101600E+01
 0.000000E+00 0.406300E+00 0.101600E+01  0.000000E+00 0.609500E+00 0.101600E+01
 0.190500E+00 0.406300E+00 0.101600E+01  0.190500E+00 0.609500E+00 0.101600E+01
 0.381000E+00 0.406300E+00 0.101600E+01  0.381000E+00 0.609500E+00 0.101600E+01
 0.571500E+00 0.406300E+00 0.101600E+01  0.571500E+00 0.609500E+00 0.101600E+01
 -.571500E+00 -.609500E+00 -.677300E+00  -.571500E+00 -.406300E+00 -.677300E+00
 -.571500E+00 -.406300E+00 -.677300E+00  -.571500E+00 -.203200E+00 -.677300E+00
 -.571500E+00 -.203200E+00 -.677300E+00  -.571500E+00 0.000000E+00 -.677300E+00
 -.571500E+00 0.000000E+00 -.677300E+00  -.571500E+00 0.203200E+00 -.677300E+00
 -.571500E+00 0.203200E+00 -.677300E+00  -.571500E+00 0.406300E+00 -.677300E+00
 -.571500E+00 0.406300E+00 -.677300E+00  -.571500E+00 0.609500E+00 -.677300E+00
 -.571500E+00 -.609500E+00 -.338700E+00  -.571500E+00 -.406300E+00 -.338700E+00
 -.571500E+00 -.406300E+00 -.338700E+00  -.571500E+00 -.203200E+00 -.338700E+00
 -.571500E+00 -.203200E+00 -.338700E+00  -.571500E+00 0.000000E+00 -.338700E+00
 -.571500E+00 0.000000E+00 -.338700E+00  -.571500E+00 0.203200E+00 -.338700E+00
 -.571500E+00 0.203200E+00 -.338700E+00  -.571500E+00 0.406300E+00 -.338700E+00
 -.571500E+00 0.406300E+00 -.338700E+00  -.571500E+00 0.609500E+00 -.338700E+00
 -.571500E+00 -.406300E+00 0.000000E+00  -.571500E+00 -.203200E+00 0.000000E+00
 -.571500E+00 -.203200E+00 0.000000E+00  -.571500E+00 0.000000E+00 0.000000E+00
 -.571500E+00 0.000000E+00 0.000000E+00  -.571500E+00 0.203200E+00 0.000000E+00
 -.571500E+00 0.203200E+00 0.000000E+00  -.571500E+00 0.406300E+00 0.000000E+00
 -.571500E+00 -.609500E+00 0.338700E+00  -.571500E+00 -.406300E+00 0.338700E+00
 -.571500E+00 -.406300E+00 0.338700E+00  -.571500E+00 -.203200E+00 0.338700E+00
 -.571500E+00 -.203200E+00 0.338700E+00  -.571500E+00 0.000000E+00 0.338700E+00
 -.571500E+00 0.000000E+00 0.338700E+00  -.571500E+00 0.203200E+00 0.338700E+00
 -.571500E+00 0.203200E+00 0.338700E+00  -.571500E+00 0.406300E+00 0.338700E+00
 -.571500E+00 0.406300E+00 0.338700E+00  -.571500E+00 0.609500E+00 0.338700E+00
 -.571500E+00 -.609500E+00 0.677300E+00  -.571500E+00 -.406300E+00 0.677300E+00
 -.571500E+00 -.406300E+00 0.677300E+00  -.571500E+00 -.203200E+00 0.677300E+00
 -.571500E+00 -.203200E+00 0.677300E+00  -.571500E+00 0.000000E+00 0.677300E+00
 -.571500E+00 0.000000E+00 0.677300E+00  -.571500E+00 0.203200E+00 0.677300E+00
 -.571500E+00 0.203200E+00 0.677300E+00  -.571500E+00 0.406300E+00 0.677300E+00
 -.571500E+00 0.406300E+00 0.677300E+00  -.571500E+00 0.609500E+00 0.677300E+00
 -.571500E+00 -.609500E+00 -.101600E+01  -.571500E+00 -.759500E+00 -.846700E+00
 -.571500E+00 -.406300E+00 -.101600E+01  -.571500E+00 -.406300E+00 -.677300E+00
 -.571500E+00 -.203200E+00 -.101600E+01  -.571500E+00 -.203200E+00 -.677300E+00
 -.571500E+00 0.000000E+00 -.101600E+01  -.571500E+00 0.000000E+00 -.677300E+00
 -.571500E+00 0.203200E+00 -.101600E+01  -.571500E+00 0.203200E+00 -.677300E+00
 -.571500E+00 0.406300E+00 -.101600E+01  -.571500E+00 0.406300E+00 -.677300E+00
 -.571500E+00 0.609500E+00 -.101600E+01  -.571500E+00 0.609500E+00 -.677300E+00
 -.571500E+00 -.609500E+00 -.677300E+00  -.571500E+00 -.609500E+00 -.338700E+00
 -.571500E+00 -.406300E+00 -.677300E+00  -.571500E+00 -.406300E+00 -.338700E+00
 -.571500E+00 -.203200E+00 -.677300E+00  -.571500E+00 -.203200E+00 -.508000E+00
 -.571500E+00 0.000000E+00 -.677300E+00  -.571500E+00 0.000000E+00 -.508000E+00
 -.571500E+00 0.203200E+00 -.677300E+00  -.571500E+00 0.203200E+00 -.508000E+00
 -.571500E+00 0.406300E+00 -.677300E+00  -.571500E+00 0.406300E+00 -.338700E+00
 -.571500E+00 0.609500E+00 -.677300E+00  -.571500E+00 0.609500E+00 -.338700E+00
 -.571500E+00 -.609500E+00 -.338700E+00  -.571500E+00 -.609500E+00 0.000000E+00
 -.571500E+00 -.406300E+00 -.338700E+00  -.571500E+00 -.406300E+00 -.169300E+00
 -.571500E+00 -.203200E+00 -.338700E+00  -.571500E+00 -.203200E+00 0.000000E+00
 -.571500E+00 0.000000E+00 -.338700E+00  -.571500E+00 0.000000E+00 0.000000E+00
 -.571500E+00 0.203200E+00 -.338700E+00  -.571500E+00 0.203200E+00 0.000000E+00
 -.571500E+00 0.406300E+00 -.338700E+00  -.571500E+00 0.406300E+00 -.169300E+00
 -.571500E+00 0.609500E+00 -.338700E+00  -.571500E+00 0.609500E+00 0.000000E+00
 -.571500E+00 -.609500E+00 0.000000E+00  -.571500E+00 -.609500E+00 0.338700E+00
 -.571500E+00 -.406300E+00 0.000000E+00  -.571500E+00 -.406300E+00 0.169300E+00
 -.571500E+00 -.203200E+00 0.000000E+00  -.571500E+00 -.203200E+00 0.338700E+00
 -.571500E+00 0.000000E+00 0.000000E+00  -.571500E+00 0.000000E+00 0.338700E+00
 -.571500E+00 0.203200E+00 0.000000E+00  -.571500E+00 0.203200E+00 0.338700E+00
 -.571500E+00 0.406300E+00 0.000000E+00  -.571500E+00 0.406300E+00 0.169300E+00
 -.571500E+00 0.609500E+00 0.000000E+00  -.571500E+00 0.609500E+00 0.338700E+00
 -.571500E+00 -.609500E+00 0.338700E+00  -.571500E+00 -.609500E+00 0.677300E+00
 -.571500E+00 -.406300E+00 0.338700E+00  -.571500E+00 -.406300E+00 0.677300E+00
 -.571500E+00 -.203200E+00 0.338700E+00  -.571500E+00 -.203200E+00 0.508000E+00
 -.571500E+00 0.000000E+00 0.338700E+00  -.571500E+00 0.000000E+00 0.508000E+00
 -.571500E+00 0.203200E+00 0.338700E+00  -.571500E+00 0.203200E+00 0.508000E+00
 -.571500E+00 0.406300E+00 0.338700E+00  -.571500E+00 0.406300E+00 0.677300E+00
 -.571500E+00 0.609500E+00 0.338700E+00  -.571500E+00 0.609500E+00 0.677300E+00
 -.571500E+00 -.609500E+00 0.677300E+00  -.571500E+00 -.609500E+00 0.101600E+01
 -.571500E+00 -.406300E+00 0.677300E+00  -.571500E+00 -.406300E+00 0.101600E+01
 -.571500E+00 -.203200E+00 0.677300E+00  -.571500E+00 -.203200E+00 0.101600E+01
 -.571500E+00 0.000000E+00 0.677300E+00  -.571500E+00 0.000000E+00 0.101600E+01
 -.571500E+00 0.203200E+00 0.677300E+00  -.571500E+00 0.203200E+00 0.101600E+01
 -.571500E+00 0.406300E+00 0.677300E+00  -.571500E+00 0.406300E+00 0.846700E+00
 -.571500E+00 0.609500E+00 0.677300E+00  -.571500E+00 0.609500E+00 0.846700E+00
 0.571500E+00 -.609500E+00 -.677300E+00  0.571500E+00 -.406300E+00 -.677300E+00
 0.571500E+00 -.406300E+00 -.677300E+00  0.571500E+00 -.203200E+00 -.677300E+00
 0.571500E+00 -.203200E+00 -.677300E+00  0.571500E+00 0.000000E+00 -.677300E+00
 0.571500E+00 0.000000E+00 -.677300E+00  0.571500E+00 0.203200E+00 -.677300E+00
 0.571500E+00 0.203200E+00 -.677300E+00  0.571500E+00 0.406300E+00 -.677300E+00
 0.571500E+00 0.406300E+00 -.677300E+00  0.571500E+00 0.609500E+00 -.677300E+00
 0.571500E+00 -.609500E+00 -.338700E+00  0.571500E+00 -.406300E+00 -.338700E+00
 0.571500E+00 -.406300E+00 -.338700E+00  0.571500E+00 -.203200E+00 -.338700E+00
 0.571500E+00 -.203200E+00 -.338700E+00  0.571500E+00 0.000000E+00 -.338700E+00
 0.571500E+00 0.000000E+00 -.338700E+00  0.571500E+00 0.203200E+00 -.338700E+00
 0.571500E+00 0.203200E+00 -.338700E+00  0.571500E+00 0.406300E+00 -.338700E+00
 0.571500E+00 0.406300E+00 -.338700E+00  0.571500E+00 0.609500E+00 -.338700E+00
 0.571500E+00 -.609500E+00 0.000000E+00  0.571500E+00 -.406300E+00 0.000000E+00
 0.571500E+00 -.406300E+00 0.000000E+00  0.571500E+00 -.203200E+00 0.000000E+00
 0.571500E+00 -.203200E+00 0.000000E+00  0.571500E+00 0.000000E+00 0.000000E+00
 0.571500E+00 0.000000E+00 0.000000E+00  0.571500E+00 0.203200E+00 0.000000E+00
 0.571500E+00 0.203200E+00 0.000000E+00  0.571500E+00 0.406300E+00 0.000000E+00
 0.571500E+00 0.406300E+00 0.000000E+00  0.571500E+00 0.609500E+00 0.000000E+00
 0.571500E+00 -.609500E+00 0.338700E+00  0.571500E+00 -.406300E+00 0.338700E+00
 0.571500E+00 -.406300E+00 0.338700E+00  0.571500E+00 -.203200E+00 0.338700E+00
 0.571500E+00 -.203200E+00 0.338700E+00  0.571500E+00 0.000000E+00 0.338700E+00
 0.571500E+00 0.000000E+00 0.338700E+00  0.571500E+00 0.203200E+00 0.338700E+00
 0.571500E+00 0.203200E+00 0.338700E+00  0.571500E+00 0.406300E+00 0.338700E+00
 0.571500E+00 0.406300E+00 0.338700E+00  0.571500E+00 0.609500E+00 0.338700E+00
 0.571500E+00 -.609500E+00 0.677300E+00  0.571500E+00 -.406300E+00 0.677300E+00
 0.571500E+00 -.406300E+00 0.677300E+00  0.571500E+00 -.203200E+00 0.677300E+00
 0.571500E+00 -.203200E+00 0.677300E+00  0.571500E+00 0.000000E+00 0.677300E+00
 0.571500E+00 0.000000E+00 0.677300E+00  0.571500E+00 0.203200E+00 0.677300E+00
 0.571500E+00 0.203200E+00 0.677300E+00  0.571500E+00 0.406300E+00 0.677300E+00
 0.571500E+00 0.406300E+00 0.677300E+00  0.571500E+00 0.609500E+00 0.677300E+00
 0.571500E+00 -.609500E+00 -.101600E+01  0.571500E+00 -.759500E+00 -.846700E+00
 0.571500E+00 -.406300E+00 -.101600E+01  0.571500E+00 -.406300E+00 -.677300E+00
 0.571500E+00 -.203200E+00 -.101600E+01  0.571500E+00 -.203200E+00 -.677300E+00
 0.571500E+00 0.000000E+00 -.101600E+01  0.571500E+00 0.000000E+00 -.677300E+00
 0.571500E+00 0.203200E+00 -.101600E+01  0.571500E+00 0.203200E+00 -.677300E+00
 0.571500E+00 0.406300E+00 -.101600E+01  0.571500E+00 0.406300E+00 -.677300E+00
 0.571500E+00 0.609500E+00 -.101600E+01  0.571500E+00 0.609500E+00 -.677300E+00
 0.571500E+00 -.609500E+00 -.677300E+00  0.571500E+00 -.609500E+00 -.338700E+00
 0.571500E+00 -.406300E+00 -.677300E+00  0.571500E+00 -.406300E+00 -.338700E+00
 0.571500E+00 -.203200E+00 -.677300E+00  0.571500E+00 -.203200E+00 -.338700E+00
 0.571500E+00 0.000000E+00 -.677300E+00  0.571500E+00 0.000000E+00 -.338700E+00
 0.571500E+00 0.203200E+00 -.677300E+00  0.571500E+00 0.203200E+00 -.338700E+00
 0.571500E+00 0.406300E+00 -.677300E+00  0.571500E+00 0.406300E+00 -.338700E+00
 0.571500E+00 0.609500E+00 -.677300E+00  0.571500E+00 0.609500E+00 -.338700E+00
 0.571500E+00 -.609500E+00 -.338700E+00  0.571500E+00 -.609500E+00 0.000000E+00
 0.571500E+00 -.406300E+00 -.338700E+00  0.571500E+00 -.406300E+00 0.000000E+00
 0.571500E+00 -.203200E+00 -.338700E+00  0.571500E+00 -.203200E+00 0.000000E+00
 0.571500E+00 0.000000E+00 -.338700E+00  0.571500E+00 0.000000E+00 0.000000E+00
 0.571500E+00 0.203200E+00 -.338700E+00  0.571500E+00 0.203200E+00 0.000000E+00
 0.571500E+00 0.406300E+00 -.338700E+00  0.571500E+00 0.406300E+00 0.000000E+00
 0.571500E+00 0.609500E+00 -.338700E+00  0.571500E+00 0.609500E+00 -.169300E+00
 0.571500E+00 -.609500E+00 0.000000E+00  0.571500E+00 -.609500E+00 0.338700E+00
 0.571500E+00 -.406300E+00 0.000000E+00  0.571500E+00 -.406300E+00 0.338700E+00
 0.571500E+00 -.203200E+00 0.000000E+00  0.571500E+00 -.203200E+00 0.338700E+00
 0.571500E+00 0.000000E+00 0.000000E+00  0.571500E+00 0.000000E+00 0.338700E+00
 0.571500E+00 0.203200E+00 0.000000E+00  0.571500E+00 0.203200E+00 0.338700E+00
 0.571500E+00 0.406300E+00 0.000000E+00  0.571500E+00 0.406300E+00 0.338700E+00
 0.571500E+00 0.609500E+00 0.000000E+00  0.571500E+00 0.609500E+00 0.169300E+00
 0.571500E+00 -.609500E+00 0.338700E+00  0.571500E+00 -.609500E+00 0.508000E+00
 0.571500E+00 -.406300E+00 0.338700E+00  0.571500E+00 -.406300E+00 0.677300E+00
 0.571500E+00 -.203200E+00 0.338700E+00  0.571500E+00 -.203200E+00 0.677300E+00
 0.571500E+00 0.000000E+00 0.338700E+00  0.571500E+00 0.000000E+00 0.677300E+00
 0.571500E+00 0.203200E+00 0.338700E+00  0.571500E+00 0.203200E+00 0.677300E+00
 0.571500E+00 0.406300E+00 0.338700E+00  0.571500E+00 0.406300E+00 0.677300E+00
 0.571500E+00 0.609500E+00 0.338700E+00  0.571500E+00 0.609500E+00 0.677300E+00
 0.571500E+00 -.609500E+00 0.677300E+00  0.571500E+00 -.609500E+00 0.846700E+00
 0.571500E+00 -.406300E+00 0.677300E+00  0.571500E+00 -.406300E+00 0.101600E+01
 0.571500E+00 -.203200E+00 0.677300E+00  0.571500E+00 -.203200E+00 0.101600E+01
 0.571500E+00 0.000000E+00 0.677300E+00  0.571500E+00 0.000000E+00 0.101600E+01
 0.571500E+00 0.203200E+00 0.677300E+00  0.571500E+00 0.203200E+00 0.101600E+01
 0.571500E+00 0.406300E+00 0.677300E+00  0.571500E+00 0.406300E+00 0.101600E+01
 0.571500E+00 0.609500E+00 0.677300E+00  0.571500E+00 0.609500E+00 0.101600E+01
 -.381000E+00 -.609500E+00 -.101600E+01  -.381000E+00 -.759500E+00 -.846700E+00
 -.381000E+00 -.609500E+00 -.677300E+00  -.381000E+00 -.609500E+00 -.338700E+00
 -.381000E+00 -.609500E+00 -.338700E+00  -.381000E+00 -.609500E+00 0.000000E+00
 -.381000E+00 -.609500E+00 0.000000E+00  -.381000E+00 -.609500E+00 0.338700E+00
 -.381000E+00 -.609500E+00 0.338700E+00  -.381000E+00 -.609500E+00 0.508000E+00
 -.381000E+00 -.609500E+00 0.677300E+00  -.381000E+00 -.609500E+00 0.101600E+01
 -.190500E+00 -.609500E+00 -.101600E+01  -.190500E+00 -.759500E+00 -.846700E+00
 -.190500E+00 -.609500E+00 -.677300E+00  -.190500E+00 -.609500E+00 -.338700E+00
 -.190500E+00 -.609500E+00 -.338700E+00  -.190500E+00 -.609500E+00 0.000000E+00
 -.190500E+00 -.609500E+00 0.000000E+00  -.190500E+00 -.609500E+00 0.338700E+00
 -.190500E+00 -.609500E+00 0.338700E+00  -.190500E+00 -.609500E+00 0.677300E+00
 -.190500E+00 -.609500E+00 0.677300E+00  -.190500E+00 -.609500E+00 0.101600E+01
 0.000000E+00 -.609500E+00 -.101600E+01  0.000000E+00 -.759500E+00 -.846700E+00
 0.000000E+00 -.609500E+00 -.677300E+00  0.000000E+00 -.609500E+00 -.338700E+00
 0.000000E+00 -.609500E+00 -.338700E+00  0.000000E+00 -.609500E+00 0.000000E+00
 0.000000E+00 -.609500E+00 0.000000E+00  0.000000E+00 -.609500E+00 0.338700E+00
 0.000000E+00 -.609500E+00 0.338700E+00  0.000000E+00 -.609500E+00 0.677300E+00
 0.000000E+00 -.609500E+00 0.677300E+00  0.000000E+00 -.609500E+00 0.101600E+01
 0.190500E+00 -.609500E+00 -.101600E+01  0.190500E+00 -.759500E+00 -.846700E+00
 0.190500E+00 -.609500E+00 -.677300E+00  0.190500E+00 -.609500E+00 -.338700E+00
 0.190500E+00 -.609500E+00 -.338700E+00  0.190500E+00 -.609500E+00 0.000000E+00
 0.190500E+00 -.609500E+00 0.000000E+00  0.190500E+00 -.609500E+00 0.338700E+00
 0.190500E+00 -.609500E+00 0.338700E+00  0.190500E+00 -.609500E+00 0.677300E+00
 0.190500E+00 -.609500E+00 0.677300E+00  0.190500E+00 -.609500E+00 0.101600E+01
 0.381000E+00 -.609500E+00 -.101600E+01  0.381000E+00 -.759500E+00 -.846700E+00
 0.381000E+00 -.609500E+00 -.677300E+00  0.381000E+00 -.609500E+00 -.338700E+00
 0.381000E+00 -.609500E+00 -.338700E+00  0.381000E+00 -.609500E+00 0.000000E+00
 0.381000E+00 -.609500E+00 0.000000E+00  0.381000E+00 -.609500E+00 0.338700E+00
 0.381000E+00 -.609500E+00 0.338700E+00  0.381000E+00 -.609500E+00 0.677300E+00
 0.381000E+00 -.609500E+00 0.677300E+00  0.381000E+00 -.609500E+00 0.101600E+01
 -.571500E+00 -.609500E+00 -.338700E+00  -.381000E+00 -.609500E+00 -.338700E+00
 -.571500E+00 -.609500E+00 0.000000E+00  -.381000E+00 -.609500E+00 0.000000E+00
 -.571500E+00 -.609500E+00 0.338700E+00  -.381000E+00 -.609500E+00 0.338700E+00
 -.571500E+00 -.609500E+00 0.677300E+00  -.381000E+00 -.609500E+00 0.677300E+00
 -.381000E+00 -.609500E+00 -.677300E+00  -.190500E+00 -.609500E+00 -.677300E+00
 -.381000E+00 -.609500E+00 -.338700E+00  -.190500E+00 -.609500E+00 -.338700E+00
 -.381000E+00 -.609500E+00 0.000000E+00  -.190500E+00 -.609500E+00 0.000000E+00
 -.381000E+00 -.609500E+00 0.338700E+00  -.190500E+00 -.609500E+00 0.338700E+00
 -.381000E+00 -.609500E+00 0.677300E+00  -.190500E+00 -.609500E+00 0.677300E+00
 -.190500E+00 -.609500E+00 -.677300E+00  0.000000E+00 -.609500E+00 -.677300E+00
 -.190500E+00 -.609500E+00 -.338700E+00  0.000000E+00 -.609500E+00 -.338700E+00
 -.190500E+00 -.609500E+00 0.000000E+00  0.000000E+00 -.609500E+00 0.000000E+00
 -.190500E+00 -.609500E+00 0.338700E+00  0.000000E+00 -.609500E+00 0.338700E+00
 -.190500E+00 -.609500E+00 0.677300E+00  0.000000E+00 -.609500E+00 0.677300E+00
 0.000000E+00 -.609500E+00 -.677300E+00  0.190500E+00 -.609500E+00 -.677300E+00
 0.000000E+00 -.609500E+00 -.338700E+00  0.190500E+00 -.609500E+00 -.338700E+00
 0.000000E+00 -.609500E+00 0.000000E+00  0.190500E+00 -.609500E+00 0.000000E+00
 0.000000E+00 -.609500E+00 0.338700E+00  0.190500E+00 -.609500E+00 0.338700E+00
 0.000000E+00 -.609500E+00 0.677300E+00  0.190500E+00 -.609500E+00 0.677300E+00
 0.190500E+00 -.609500E+00 -.677300E+00  0.381000E+00 -.609500E+00 -.677300E+00
 0.190500E+00 -.609500E+00 -.338700E+00  0.381000E+00 -.609500E+00 -.338700E+00
 0.190500E+00 -.609500E+00 0.000000E+00  0.381000E+00 -.609500E+00 0.000000E+00
 0.190500E+00 -.609500E+00 0.338700E+00  0.381000E+00 -.609500E+00 0.338700E+00
 0.190500E+00 -.609500E+00 0.677300E+00  0.381000E+00 -.609500E+00 0.677300E+00
 0.381000E+00 -.609500E+00 -.677300E+00  0.571500E+00 -.609500E+00 -.677300E+00
 0.381000E+00 -.609500E+00 -.338700E+00  0.571500E+00 -.609500E+00 -.338700E+00
 0.381000E+00 -.609500E+00 0.000000E+00  0.571500E+00 -.609500E+00 0.000000E+00
 0.381000E+00 -.609500E+00 0.338700E+00  0.571500E+00 -.609500E+00 0.338700E+00
 0.381000E+00 -.609500E+00 0.677300E+00  0.571500E+00 -.609500E+00 0.677300E+00
 -.381000E+00 0.609500E+00 -.101600E+01  -.381000E+00 0.609500E+00 -.677300E+00
 -.381000E+00 0.609500E+00 -.677300E+00  -.381000E+00 0.609500E+00 -.338700E+00
 -.381000E+00 0.609500E+00 -.338700E+00  -.381000E+00 0.609500E+00 0.000000E+00
 -.381000E+00 0.609500E+00 0.000000E+00  -.381000E+00 0.609500E+00 0.338700E+00
 -.381000E+00 0.609500E+00 0.338700E+00  -.381000E+00 0.609500E+00 0.677300E+00
 -.381000E+00 0.609500E+00 0.677300E+00  -.381000E+00 0.609500E+00 0.101600E+01
 -.190500E+00 0.609500E+00 -.101600E+01  -.190500E+00 0.609500E+00 -.677300E+00
 -.190500E+00 0.609500E+00 -.677300E+00  -.190500E+00 0.609500E+00 -.338700E+00
 -.190500E+00 0.609500E+00 -.338700E+00  -.190500E+00 0.609500E+00 0.000000E+00
 -.190500E+00 0.609500E+00 0.000000E+00  -.190500E+00 0.609500E+00 0.338700E+00
 -.190500E+00 0.609500E+00 0.338700E+00  -.190500E+00 0.609500E+00 0.677300E+00
 -.190500E+00 0.609500E+00 0.677300E+00  -.190500E+00 0.609500E+00 0.101600E+01
 0.000000E+00 0.609500E+00 -.101600E+01  0.000000E+00 0.609500E+00 -.677300E+00
 0.000000E+00 0.609500E+00 -.677300E+00  0.000000E+00 0.609500E+00 -.338700E+00
 0.000000E+00 0.609500E+00 -.338700E+00  0.000000E+00 0.609500E+00 0.000000E+00
 0.000000E+00 0.609500E+00 0.000000E+00  0.000000E+00 0.609500E+00 0.338700E+00
 0.000000E+00 0.609500E+00 0.338700E+00  0.000000E+00 0.609500E+00 0.677300E+00
 0.000000E+00 0.609500E+00 0.677300E+00  0.000000E+00 0.609500E+00 0.101600E+01
 0.190500E+00 0.609500E+00 -.101600E+01  0.190500E+00 0.609500E+00 -.677300E+00
 0.190500E+00 0.609500E+00 -.677300E+00  0.190500E+00 0.609500E+00 -.338700E+00
 0.190500E+00 0.609500E+00 -.338700E+00  0.190500E+00 0.609500E+00 0.000000E+00
 0.190500E+00 0.609500E+00 0.000000E+00  0.190500E+00 0.609500E+00 0.338700E+00
 0.190500E+00 0.609500E+00 0.338700E+00  0.190500E+00 0.609500E+00 0.677300E+00
 0.190500E+00 0.609500E+00 0.677300E+00  0.190500E+00 0.609500E+00 0.101600E+01
 0.381000E+00 0.609500E+00 -.101600E+01  0.381000E+00 0.609500E+00 -.677300E+00
 0.381000E+00 0.609500E+00 -.677300E+00  0.381000E+00 0.609500E+00 -.338700E+00
 0.381000E+00 0.609500E+00 -.338700E+00  0.381000E+00 0.609500E+00 0.000000E+00
 0.381000E+00 0.609500E+00 0.000000E+00  0.381000E+00 0.609500E+00 0.338700E+00
 0.381000E+00 0.609500E+00 0.338700E+00  0.381000E+00 0.609500E+00 0.677300E+00
 0.381000E+00 0.609500E+00 0.677300E+00  0.381000E+00 0.609500E+00 0.101600E+01
 -.571500E+00 0.609500E+00 -.677300E+00  -.381000E+00 0.609500E+00 -.677300E+00
 -.571500E+00 0.609500E+00 -.338700E+00  -.381000E+00 0.609500E+00 -.338700E+00
 -.571500E+00 0.609500E+00 0.000000E+00  -.381000E+00 0.609500E+00 0.000000E+00
 -.571500E+00 0.609500E+00 0.338700E+00  -.381000E+00 0.609500E+00 0.338700E+00
 -.571500E+00 0.609500E+00 0.677300E+00  -.381000E+00 0.609500E+00 0.677300E+00
 -.381000E+00 0.609500E+00 -.677300E+00  -.190500E+00 0.609500E+00 -.677300E+00
 -.381000E+00 0.609500E+00 -.338700E+00  -.190500E+00 0.609500E+00 -.338700E+00
 -.381000E+00 0.609500E+00 0.000000E+00  -.190500E+00 0.609500E+00 0.000000E+00
 -.381000E+00 0.609500E+00 0.338700E+00  -.190500E+00 0.609500E+00 0.338700E+00
 -.381000E+00 0.609500E+00 0.677300E+00  -.190500E+00 0.609500E+00 0.677300E+00
 -.190500E+00 0.609500E+00 -.677300E+00  0.000000E+00 0.609500E+00 -.677300E+00
 -.190500E+00 0.609500E+00 -.338700E+00  0.000000E+00 0.609500E+00 -.338700E+00
 -.190500E+00 0.609500E+00 0.000000E+00  0.000000E+00 0.609500E+00 0.000000E+00
 -.190500E+00 0.609500E+00 0.338700E+00  0.000000E+00 0.609500E+00 0.338700E+00
 -.190500E+00 0.609500E+00 0.677300E+00  0.000000E+00 0.609500E+00 0.677300E+00
 0.000000E+00 0.609500E+00 -.677300E+00  0.190500E+00 0.609500E+00 -.677300E+00
 0.000000E+00 0.609500E+00 -.338700E+00  0.190500E+00 0.609500E+00 -.338700E+00
 0.000000E+00 0.609500E+00 0.000000E+00  0.190500E+00 0.609500E+00 0.000000E+00
 0.000000E+00 0.609500E+00 0.338700E+00  0.190500E+00 0.609500E+00 0.338700E+00
 0.000000E+00 0.609500E+00 0.677300E+00  0.190500E+00 0.609500E+00 0.677300E+00
 0.190500E+00 0.609500E+00 -.677300E+00  0.381000E+00 0.609500E+00 -.677300E+00
 0.190500E+00 0.609500E+00 -.338700E+00  0.381000E+00 0.609500E+00 -.338700E+00
 0.190500E+00 0.609500E+00 0.000000E+00  0.381000E+00 0.609500E+00 0.000000E+00
 0.190500E+00 0.609500E+00 0.338700E+00  0.381000E+00 0.609500E+00 0.338700E+00
 0.190500E+00 0.609500E+00 0.677300E+00  0.381000E+00 0.609500E+00 0.677300E+00
 0.381000E+00 0.609500E+00 -.677300E+00  0.571500E+00 0.609500E+00 -.677300E+00
 0.381000E+00 0.609500E+00 -.338700E+00  0.571500E+00 0.609500E+00 -.338700E+00
 0.381000E+00 0.609500E+00 0.000000E+00  0.571500E+00 0.609500E+00 0.000000E+00
 0.381000E+00 0.609500E+00 0.338700E+00  0.571500E+00 0.609500E+00 0.338700E+00
 0.381000E+00 0.609500E+00 0.677300E+00  0.571500E+00 0.609500E+00 0.677300E+00
 0.571500E+00 -.609500E+00 0.846700E+00  0.571500E+00 -.609500E+00 0.101600E+01
 0.571500E+00 -.609500E+00 0.508000E+00  0.571500E+00 -.609500E+00 0.677300E+00
 0.571500E+00 0.609500E+00 0.169300E+00  0.571500E+00 0.609500E+00 0.338700E+00
 0.571500E+00 0.609500E+00 -.169300E+00  0.571500E+00 0.609500E+00 0.000000E+00
 0.721500E+00 -.979300E+00 0.356400E+00  0.721500E+00 -.661600E+00 0.356400E+00
 0.721500E+00 -.129700E+01 0.356400E+00  0.721500E+00 -.979300E+00 0.356400E+00
 0.721500E+00 -.161470E+01 0.356400E+00  0.721500E+00 -.129700E+01 0.356400E+00
 0.721500E+00 -.193240E+01 0.356400E+00  0.721500E+00 -.161470E+01 0.356400E+00
 0.721500E+00 -.225010E+01 0.356400E+00  0.721500E+00 -.193240E+01 0.356400E+00
 0.721500E+00 -.256790E+01 0.356400E+00  0.721500E+00 -.225010E+01 0.356400E+00
 0.721500E+00 -.288560E+01 0.356400E+00  0.721500E+00 -.256790E+01 0.356400E+00
 0.721500E+00 -.320330E+01 0.356400E+00  0.721500E+00 -.288560E+01 0.356400E+00
 0.721500E+00 -.979300E+00 0.479700E+00  0.721500E+00 -.661600E+00 0.479700E+00
 0.721500E+00 -.129700E+01 0.479700E+00  0.721500E+00 -.979300E+00 0.479700E+00
 0.721500E+00 -.161470E+01 0.479700E+00  0.721500E+00 -.129700E+01 0.479700E+00
 0.721500E+00 -.193240E+01 0.479700E+00  0.721500E+00 -.161470E+01 0.479700E+00
 0.721500E+00 -.225010E+01 0.479700E+00  0.721500E+00 -.193240E+01 0.479700E+00
 0.721500E+00 -.256790E+01 0.479700E+00  0.721500E+00 -.225010E+01 0.479700E+00
 0.721500E+00 -.288560E+01 0.479700E+00  0.721500E+00 -.256790E+01 0.479700E+00
 0.721500E+00 -.320330E+01 0.479700E+00  0.721500E+00 -.288560E+01 0.479700E+00
 0.721500E+00 -.979300E+00 0.603000E+00  0.721500E+00 -.661600E+00 0.603000E+00
 0.721500E+00 -.129700E+01 0.603000E+00  0.721500E+00 -.979300E+00 0.603000E+00
 0.721500E+00 -.161470E+01 0.603000E+00  0.721500E+00 -.129700E+01 0.603000E+00
 0.721500E+00 -.193240E+01 0.603000E+00  0.721500E+00 -.161470E+01 0.603000E+00
 0.721500E+00 -.225010E+01 0.603000E+00  0.721500E+00 -.193240E+01 0.603000E+00
 0.721500E+00 -.256790E+01 0.603000E+00  0.721500E+00 -.225010E+01 0.603000E+00
 0.721500E+00 -.288560E+01 0.603000E+00  0.721500E+00 -.256790E+01 0.603000E+00
 0.721500E+00 -.320330E+01 0.603000E+00  0.721500E+00 -.288560E+01 0.603000E+00
 0.721500E+00 -.979300E+00 0.726200E+00  0.721500E+00 -.661600E+00 0.726200E+00
 0.721500E+00 -.129700E+01 0.726200E+00  0.721500E+00 -.979300E+00 0.726200E+00
 0.721500E+00 -.161470E+01 0.726200E+00  0.721500E+00 -.129700E+01 0.726200E+00
 0.721500E+00 -.193240E+01 0.726200E+00  0.721500E+00 -.161470E+01 0.726200E+00
 0.721500E+00 -.225010E+01 0.726200E+00  0.721500E+00 -.193240E+01 0.726200E+00
 0.721500E+00 -.256790E+01 0.726200E+00  0.721500E+00 -.225010E+01 0.726200E+00
 0.721500E+00 -.288560E+01 0.726200E+00  0.721500E+00 -.256790E+01 0.726200E+00
 0.721500E+00 -.320330E+01 0.726200E+00  0.721500E+00 -.288560E+01 0.726200E+00
 0.721500E+00 -.979300E+00 0.849500E+00  0.721500E+00 -.661600E+00 0.849500E+00
 0.721500E+00 -.129700E+01 0.849500E+00  0.721500E+00 -.979300E+00 0.849500E+00
 0.721500E+00 -.161470E+01 0.849500E+00  0.721500E+00 -.129700E+01 0.849500E+00
 0.721500E+00 -.193240E+01 0.849500E+00  0.721500E+00 -.161470E+01 0.849500E+00
 0.721500E+00 -.225010E+01 0.849500E+00  0.721500E+00 -.193240E+01 0.849500E+00
 0.721500E+00 -.256790E+01 0.849500E+00  0.721500E+00 -.225010E+01 0.849500E+00
 0.721500E+00 -.288560E+01 0.849500E+00  0.721500E+00 -.256790E+01 0.849500E+00
 0.721500E+00 -.320330E+01 0.849500E+00  0.721500E+00 -.288560E+01 0.849500E+00
 0.721500E+00 -.979300E+00 0.972700E+00  0.721500E+00 -.661600E+00 0.972700E+00
 0.721500E+00 -.129700E+01 0.972700E+00  0.721500E+00 -.979300E+00 0.972700E+00
 0.721500E+00 -.161470E+01 0.972700E+00  0.721500E+00 -.129700E+01 0.972700E+00
 0.721500E+00 -.193240E+01 0.972700E+00  0.721500E+00 -.161470E+01 0.972700E+00
 0.721500E+00 -.225010E+01 0.972700E+00  0.721500E+00 -.193240E+01 0.972700E+00
 0.721500E+00 -.256790E+01 0.972700E+00  0.721500E+00 -.225010E+01 0.972700E+00
 0.721500E+00 -.288560E+01 0.972700E+00  0.721500E+00 -.256790E+01 0.972700E+00
 0.721500E+00 -.320330E+01 0.972700E+00  0.721500E+00 -.288560E+01 0.972700E+00
 0.721500E+00 -.979300E+00 0.109600E+01  0.721500E+00 -.661600E+00 0.109600E+01
 0.721500E+00 -.129700E+01 0.109600E+01  0.721500E+00 -.979300E+00 0.109600E+01
 0.721500E+00 -.161470E+01 0.109600E+01  0.721500E+00 -.129700E+01 0.109600E+01
 0.721500E+00 -.193240E+01 0.109600E+01  0.721500E+00 -.161470E+01 0.109600E+01
 0.721500E+00 -.225010E+01 0.109600E+01  0.721500E+00 -.193240E+01 0.109600E+01
 0.721500E+00 -.256790E+01 0.109600E+01  0.721500E+00 -.225010E+01 0.109600E+01
 0.721500E+00 -.288560E+01 0.109600E+01  0.721500E+00 -.256790E+01 0.109600E+01
 0.721500E+00 -.320330E+01 0.109600E+01  0.721500E+00 -.288560E+01 0.109600E+01
 0.721500E+00 -.661600E+00 0.479700E+00  0.721500E+00 -.661600E+00 0.356400E+00
 0.721500E+00 -.979300E+00 0.479700E+00  0.721500E+00 -.979300E+00 0.356400E+00
 0.721500E+00 -.129700E+01 0.479700E+00  0.721500E+00 -.129700E+01 0.356400E+00
 0.721500E+00 -.161470E+01 0.479700E+00  0.721500E+00 -.161470E+01 0.356400E+00
 0.721500E+00 -.193240E+01 0.479700E+00  0.721500E+00 -.193240E+01 0.356400E+00
 0.721500E+00 -.225010E+01 0.479700E+00  0.721500E+00 -.225010E+01 0.356400E+00
 0.721500E+00 -.256790E+01 0.479700E+00  0.721500E+00 -.256790E+01 0.356400E+00
 0.721500E+00 -.288560E+01 0.479700E+00  0.721500E+00 -.288560E+01 0.356400E+00
 0.721500E+00 -.320330E+01 0.479700E+00  0.721500E+00 -.320330E+01 0.356400E+00
 0.721500E+00 -.661600E+00 0.603000E+00  0.721500E+00 -.661600E+00 0.479700E+00
 0.721500E+00 -.979300E+00 0.603000E+00  0.721500E+00 -.979300E+00 0.479700E+00
 0.721500E+00 -.129700E+01 0.603000E+00  0.721500E+00 -.129700E+01 0.479700E+00
 0.721500E+00 -.161470E+01 0.603000E+00  0.721500E+00 -.161470E+01 0.479700E+00
 0.721500E+00 -.193240E+01 0.603000E+00  0.721500E+00 -.193240E+01 0.479700E+00
 0.721500E+00 -.225010E+01 0.603000E+00  0.721500E+00 -.225010E+01 0.479700E+00
 0.721500E+00 -.256790E+01 0.603000E+00  0.721500E+00 -.256790E+01 0.479700E+00
 0.721500E+00 -.288560E+01 0.603000E+00  0.721500E+00 -.288560E+01 0.479700E+00
 0.721500E+00 -.320330E+01 0.603000E+00  0.721500E+00 -.320330E+01 0.479700E+00
 0.721500E+00 -.661600E+00 0.726200E+00  0.721500E+00 -.661600E+00 0.603000E+00
 0.721500E+00 -.979300E+00 0.726200E+00  0.721500E+00 -.979300E+00 0.603000E+00
 0.721500E+00 -.129700E+01 0.726200E+00  0.721500E+00 -.129700E+01 0.603000E+00
 0.721500E+00 -.161470E+01 0.726200E+00  0.721500E+00 -.161470E+01 0.603000E+00
 0.721500E+00 -.193240E+01 0.726200E+00  0.721500E+00 -.193240E+01 0.603000E+00
 0.721500E+00 -.225010E+01 0.726200E+00  0.721500E+00 -.225010E+01 0.603000E+00
 0.721500E+00 -.256790E+01 0.726200E+00  0.721500E+00 -.256790E+01 0.603000E+00
 0.721500E+00 -.288560E+01 0.726200E+00  0.721500E+00 -.288560E+01 0.603000E+00
 0.721500E+00 -.320330E+01 0.726200E+00  0.721500E+00 -.320330E+01 0.603000E+00
 0.721500E+00 -.661600E+00 0.849500E+00  0.721500E+00 -.661600E+00 0.726200E+00
 0.721500E+00 -.979300E+00 0.849500E+00  0.721500E+00 -.979300E+00 0.726200E+00
 0.721500E+00 -.129700E+01 0.849500E+00  0.721500E+00 -.129700E+01 0.726200E+00
 0.721500E+00 -.161470E+01 0.849500E+00  0.721500E+00 -.161470E+01 0.726200E+00
 0.721500E+00 -.193240E+01 0.849500E+00  0.721500E+00 -.193240E+01 0.726200E+00
 0.721500E+00 -.225010E+01 0.849500E+00  0.721500E+00 -.225010E+01 0.726200E+00
 0.721500E+00 -.256790E+01 0.849500E+00  0.721500E+00 -.256790E+01 0.726200E+00
 0.721500E+00 -.288560E+01 0.849500E+00  0.721500E+00 -.288560E+01 0.726200E+00
 0.721500E+00 -.320330E+01 0.849500E+00  0.721500E+00 -.320330E+01 0.726200E+00
 0.721500E+00 -.661600E+00 0.972700E+00  0.721500E+00 -.661600E+00 0.849500E+00
 0.721500E+00 -.979300E+00 0.972700E+00  0.721500E+00 -.979300E+00 0.849500E+00
 0.721500E+00 -.129700E+01 0.972700E+00  0.721500E+00 -.129700E+01 0.849500E+00
 0.721500E+00 -.161470E+01 0.972700E+00  0.721500E+00 -.161470E+01 0.849500E+00
 0.721500E+00 -.193240E+01 0.972700E+00  0.721500E+00 -.193240E+01 0.849500E+00
 0.721500E+00 -.225010E+01 0.972700E+00  0.721500E+00 -.225010E+01 0.849500E+00
 0.721500E+00 -.256790E+01 0.972700E+00  0.721500E+00 -.256790E+01 0.849500E+00
 0.721500E+00 -.288560E+01 0.972700E+00  0.721500E+00 -.288560E+01 0.849500E+00
 0.721500E+00 -.320330E+01 0.972700E+00  0.721500E+00 -.320330E+01 0.849500E+00
 0.721500E+00 -.661600E+00 0.109600E+01  0.721500E+00 -.661600E+00 0.972700E+00
 0.721500E+00 -.979300E+00 0.109600E+01  0.721500E+00 -.979300E+00 0.972700E+00
 0.721500E+00 -.129700E+01 0.109600E+01  0.721500E+00 -.129700E+01 0.972700E+00
 0.721500E+00 -.161470E+01 0.109600E+01  0.721500E+00 -.161470E+01 0.972700E+00
 0.721500E+00 -.193240E+01 0.109600E+01  0.721500E+00 -.193240E+01 0.972700E+00
 0.721500E+00 -.225010E+01 0.109600E+01  0.721500E+00 -.225010E+01 0.972700E+00
 0.721500E+00 -.256790E+01 0.109600E+01  0.721500E+00 -.256790E+01 0.972700E+00
 0.721500E+00 -.288560E+01 0.109600E+01  0.721500E+00 -.288560E+01 0.972700E+00
 0.721500E+00 -.320330E+01 0.109600E+01  0.721500E+00 -.320330E+01 0.972700E+00
 0.621500E+00 0.661600E+00 -.373600E+00  0.621500E+00 0.979300E+00 -.373600E+00
 0.621500E+00 0.979300E+00 -.373600E+00  0.621500E+00 0.129700E+01 -.373600E+00
 0.621500E+00 0.129700E+01 -.373600E+00  0.621500E+00 0.161470E+01 -.373600E+00
 0.621500E+00 0.161470E+01 -.373600E+00  0.621500E+00 0.193240E+01 -.373600E+00
 0.621500E+00 0.193240E+01 -.373600E+00  0.621500E+00 0.225010E+01 -.373600E+00
 0.621500E+00 0.225010E+01 -.373600E+00  0.621500E+00 0.256790E+01 -.373600E+00
 0.621500E+00 0.256790E+01 -.373600E+00  0.621500E+00 0.288560E+01 -.373600E+00
 0.621500E+00 0.288560E+01 -.373600E+00  0.621500E+00 0.320330E+01 -.373600E+00
 0.621500E+00 0.661600E+00 -.250300E+00  0.621500E+00 0.979300E+00 -.250300E+00
 0.621500E+00 0.979300E+00 -.250300E+00  0.621500E+00 0.129700E+01 -.250300E+00
 0.621500E+00 0.129700E+01 -.250300E+00  0.621500E+00 0.161470E+01 -.250300E+00
 0.621500E+00 0.161470E+01 -.250300E+00  0.621500E+00 0.193240E+01 -.250300E+00
 0.621500E+00 0.193240E+01 -.250300E+00  0.621500E+00 0.225010E+01 -.250300E+00
 0.621500E+00 0.225010E+01 -.250300E+00  0.621500E+00 0.256790E+01 -.250300E+00
 0.621500E+00 0.256790E+01 -.250300E+00  0.621500E+00 0.288560E+01 -.250300E+00
 0.621500E+00 0.288560E+01 -.250300E+00  0.621500E+00 0.320330E+01 -.250300E+00
 0.621500E+00 0.661600E+00 -.127000E+00  0.621500E+00 0.979300E+00 -.127000E+00
 0.621500E+00 0.979300E+00 -.127000E+00  0.621500E+00 0.129700E+01 -.127000E+00
 0.621500E+00 0.129700E+01 -.127000E+00  0.621500E+00 0.161470E+01 -.127000E+00
 0.621500E+00 0.161470E+01 -.127000E+00  0.621500E+00 0.193240E+01 -.127000E+00
 0.621500E+00 0.193240E+01 -.127000E+00  0.621500E+00 0.225010E+01 -.127000E+00
 0.621500E+00 0.225010E+01 -.127000E+00  0.621500E+00 0.256790E+01 -.127000E+00
 0.621500E+00 0.256790E+01 -.127000E+00  0.621500E+00 0.288560E+01 -.127000E+00
 0.621500E+00 0.288560E+01 -.127000E+00  0.621500E+00 0.320330E+01 -.127000E+00
 0.621500E+00 0.661600E+00 -.380000E-02  0.621500E+00 0.979300E+00 -.380000E-02
 0.621500E+00 0.979300E+00 -.380000E-02  0.621500E+00 0.129700E+01 -.380000E-02
 0.621500E+00 0.129700E+01 -.380000E-02  0.621500E+00 0.161470E+01 -.380000E-02
 0.621500E+00 0.161470E+01 -.380000E-02  0.621500E+00 0.193240E+01 -.380000E-02
 0.621500E+00 0.193240E+01 -.380000E-02  0.621500E+00 0.225010E+01 -.380000E-02
 0.621500E+00 0.225010E+01 -.380000E-02  0.621500E+00 0.256790E+01 -.380000E-02
 0.621500E+00 0.256790E+01 -.380000E-02  0.621500E+00 0.288560E+01 -.380000E-02
 0.621500E+00 0.288560E+01 -.380000E-02  0.621500E+00 0.320330E+01 -.380000E-02
 0.621500E+00 0.661600E+00 0.119500E+00  0.621500E+00 0.979300E+00 0.119500E+00
 0.621500E+00 0.979300E+00 0.119500E+00  0.621500E+00 0.129700E+01 0.119500E+00
 0.621500E+00 0.129700E+01 0.119500E+00  0.621500E+00 0.161470E+01 0.119500E+00
 0.621500E+00 0.161470E+01 0.119500E+00  0.621500E+00 0.193240E+01 0.119500E+00
 0.621500E+00 0.193240E+01 0.119500E+00  0.621500E+00 0.225010E+01 0.119500E+00
 0.621500E+00 0.225010E+01 0.119500E+00  0.621500E+00 0.256790E+01 0.119500E+00
 0.621500E+00 0.256790E+01 0.119500E+00  0.621500E+00 0.288560E+01 0.119500E+00
 0.621500E+00 0.288560E+01 0.119500E+00  0.621500E+00 0.320330E+01 0.119500E+00
 0.621500E+00 0.661600E+00 0.242700E+00  0.621500E+00 0.979300E+00 0.242700E+00
 0.621500E+00 0.979300E+00 0.242700E+00  0.621500E+00 0.129700E+01 0.242700E+00
 0.621500E+00 0.129700E+01 0.242700E+00  0.621500E+00 0.161470E+01 0.242700E+00
 0.621500E+00 0.161470E+01 0.242700E+00  0.621500E+00 0.193240E+01 0.242700E+00
 0.621500E+00 0.193240E+01 0.242700E+00  0.621500E+00 0.225010E+01 0.242700E+00
 0.621500E+00 0.225010E+01 0.242700E+00  0.621500E+00 0.256790E+01 0.242700E+00
 0.621500E+00 0.256790E+01 0.242700E+00  0.621500E+00 0.288560E+01 0.242700E+00
 0.621500E+00 0.288560E+01 0.242700E+00  0.621500E+00 0.320330E+01 0.242700E+00
 0.621500E+00 0.661600E+00 0.366000E+00  0.621500E+00 0.979300E+00 0.366000E+00
 0.621500E+00 0.979300E+00 0.366000E+00  0.621500E+00 0.129700E+01 0.366000E+00
 0.621500E+00 0.129700E+01 0.366000E+00  0.621500E+00 0.161470E+01 0.366000E+00
 0.621500E+00 0.161470E+01 0.366000E+00  0.621500E+00 0.193240E+01 0.366000E+00
 0.621500E+00 0.193240E+01 0.366000E+00  0.621500E+00 0.225010E+01 0.366000E+00
 0.621500E+00 0.225010E+01 0.366000E+00  0.621500E+00 0.256790E+01 0.366000E+00
 0.621500E+00 0.256790E+01 0.366000E+00  0.621500E+00 0.288560E+01 0.366000E+00
 0.621500E+00 0.288560E+01 0.366000E+00  0.621500E+00 0.320330E+01 0.366000E+00
 0.621500E+00 0.661600E+00 -.373600E+00  0.621500E+00 0.661600E+00 -.250300E+00
 0.621500E+00 0.979300E+00 -.373600E+00  0.621500E+00 0.979300E+00 -.250300E+00
 0.621500E+00 0.129700E+01 -.373600E+00  0.621500E+00 0.129700E+01 -.250300E+00
 0.621500E+00 0.161470E+01 -.373600E+00  0.621500E+00 0.161470E+01 -.250300E+00
 0.621500E+00 0.193240E+01 -.373600E+00  0.621500E+00 0.193240E+01 -.250300E+00
 0.621500E+00 0.225010E+01 -.373600E+00  0.621500E+00 0.225010E+01 -.250300E+00
 0.621500E+00 0.256790E+01 -.373600E+00  0.621500E+00 0.256790E+01 -.250300E+00
 0.621500E+00 0.288560E+01 -.373600E+00  0.621500E+00 0.288560E+01 -.250300E+00
 0.621500E+00 0.320330E+01 -.373600E+00  0.621500E+00 0.320330E+01 -.250300E+00
 0.621500E+00 0.661600E+00 -.250300E+00  0.621500E+00 0.661600E+00 -.127000E+00
 0.621500E+00 0.979300E+00 -.250300E+00  0.621500E+00 0.979300E+00 -.127000E+00
 0.621500E+00 0.129700E+01 -.250300E+00  0.621500E+00 0.129700E+01 -.127000E+00
 0.621500E+00 0.161470E+01 -.250300E+00  0.621500E+00 0.161470E+01 -.127000E+00
 0.621500E+00 0.193240E+01 -.250300E+00  0.621500E+00 0.193240E+01 -.127000E+00
 0.621500E+00 0.225010E+01 -.250300E+00  0.621500E+00 0.225010E+01 -.127000E+00
 0.621500E+00 0.256790E+01 -.250300E+00  0.621500E+00 0.256790E+01 -.127000E+00
 0.621500E+00 0.288560E+01 -.250300E+00  0.621500E+00 0.288560E+01 -.127000E+00
 0.621500E+00 0.320330E+01 -.250300E+00  0.621500E+00 0.320330E+01 -.127000E+00
 0.621500E+00 0.661600E+00 -.127000E+00  0.621500E+00 0.661600E+00 -.380000E-02
 0.621500E+00 0.979300E+00 -.127000E+00  0.621500E+00 0.979300E+00 -.380000E-02
 0.621500E+00 0.129700E+01 -.127000E+00  0.621500E+00 0.129700E+01 -.380000E-02
 0.621500E+00 0.161470E+01 -.127000E+00  0.621500E+00 0.161470E+01 -.380000E-02
 0.621500E+00 0.193240E+01 -.127000E+00  0.621500E+00 0.193240E+01 -.380000E-02
 0.621500E+00 0.225010E+01 -.127000E+00  0.621500E+00 0.225010E+01 -.380000E-02
 0.621500E+00 0.256790E+01 -.127000E+00  0.621500E+00 0.256790E+01 -.380000E-02
 0.621500E+00 0.288560E+01 -.127000E+00  0.621500E+00 0.288560E+01 -.380000E-02
 0.621500E+00 0.320330E+01 -.127000E+00  0.621500E+00 0.320330E+01 -.380000E-02
 0.621500E+00 0.661600E+00 -.380000E-02  0.621500E+00 0.661600E+00 0.119500E+00
 0.621500E+00 0.979300E+00 -.380000E-02  0.621500E+00 0.979300E+00 0.119500E+00
 0.621500E+00 0.129700E+01 -.380000E-02  0.621500E+00 0.129700E+01 0.119500E+00
 0.621500E+00 0.161470E+01 -.380000E-02  0.621500E+00 0.161470E+01 0.119500E+00
 0.621500E+00 0.193240E+01 -.380000E-02  0.621500E+00 0.193240E+01 0.119500E+00
 0.621500E+00 0.225010E+01 -.380000E-02  0.621500E+00 0.225010E+01 0.119500E+00
 0.621500E+00 0.256790E+01 -.380000E-02  0.621500E+00 0.256790E+01 0.119500E+00
 0.621500E+00 0.288560E+01 -.380000E-02  0.621500E+00 0.288560E+01 0.119500E+00
 0.621500E+00 0.320330E+01 -.380000E-02  0.621500E+00 0.320330E+01 0.119500E+00
 0.621500E+00 0.661600E+00 0.119500E+00  0.621500E+00 0.661600E+00 0.242700E+00
 0.621500E+00 0.979300E+00 0.119500E+00  0.621500E+00 0.979300E+00 0.242700E+00
 0.621500E+00 0.129700E+01 0.119500E+00  0.621500E+00 0.129700E+01 0.242700E+00
 0.621500E+00 0.161470E+01 0.119500E+00  0.621500E+00 0.161470E+01 0.242700E+00
 0.621500E+00 0.193240E+01 0.119500E+00  0.621500E+00 0.193240E+01 0.242700E+00
 0.621500E+00 0.225010E+01 0.119500E+00  0.621500E+00 0.225010E+01 0.242700E+00
 0.621500E+00 0.256790E+01 0.119500E+00  0.621500E+00 0.256790E+01 0.242700E+00
 0.621500E+00 0.288560E+01 0.119500E+00  0.621500E+00 0.288560E+01 0.242700E+00
 0.621500E+00 0.320330E+01 0.119500E+00  0.621500E+00 0.320330E+01 0.242700E+00
 0.621500E+00 0.661600E+00 0.242700E+00  0.621500E+00 0.661600E+00 0.366000E+00
 0.621500E+00 0.979300E+00 0.242700E+00  0.621500E+00 0.979300E+00 0.366000E+00
 0.621500E+00 0.129700E+01 0.242700E+00  0.621500E+00 0.129700E+01 0.366000E+00
 0.621500E+00 0.161470E+01 0.242700E+00  0.621500E+00 0.161470E+01 0.366000E+00
 0.621500E+00 0.193240E+01 0.242700E+00  0.621500E+00 0.193240E+01 0.366000E+00
 0.621500E+00 0.225010E+01 0.242700E+00  0.621500E+00 0.225010E+01 0.366000E+00
 0.621500E+00 0.256790E+01 0.242700E+00  0.621500E+00 0.256790E+01 0.366000E+00
 0.621500E+00 0.288560E+01 0.242700E+00  0.621500E+00 0.288560E+01 0.366000E+00
 0.621500E+00 0.320330E+01 0.242700E+00  0.621500E+00 0.320330E+01 0.366000E+00
 0.571500E+00 -.609500E+00 0.508000E+00  0.721500E+00 -.661600E+00 0.356400E+00
 0.571500E+00 -.609500E+00 0.846700E+00  0.721500E+00 -.661600E+00 0.109600E+01
 -.489800E+00 -.136550E+01 0.260400E+00  -.646100E+00 -.120920E+01 0.260400E+00
 -.646100E+00 -.120920E+01 0.260400E+00  -.802400E+00 -.136550E+01 0.260400E+00
 -.802400E+00 -.136550E+01 0.260400E+00  -.646100E+00 -.152180E+01 0.260400E+00
 -.646100E+00 -.152180E+01 0.260400E+00  -.489800E+00 -.136550E+01 0.260400E+00
 -.489800E+00 -.136550E+01 0.260400E+00  -.333400E+00 -.136550E+01 0.218000E+00
 -.646100E+00 -.120920E+01 0.260400E+00  -.646100E+00 -.105270E+01 0.218000E+00
 -.802400E+00 -.136550E+01 0.260400E+00  -.958900E+00 -.136550E+01 0.218000E+00
 -.646100E+00 -.152180E+01 0.260400E+00  -.646100E+00 -.167820E+01 0.218000E+00
 -.333400E+00 -.136550E+01 0.218000E+00  -.425000E+00 -.114430E+01 0.218000E+00
 -.425000E+00 -.114430E+01 0.218000E+00  -.646100E+00 -.105270E+01 0.218000E+00
 -.646100E+00 -.105270E+01 0.218000E+00  -.867300E+00 -.114430E+01 0.218000E+00
 -.867300E+00 -.114430E+01 0.218000E+00  -.958900E+00 -.136550E+01 0.218000E+00
 -.958900E+00 -.136550E+01 0.218000E+00  -.867300E+00 -.158660E+01 0.218000E+00
 -.867300E+00 -.158660E+01 0.218000E+00  -.646100E+00 -.167820E+01 0.218000E+00
 -.646100E+00 -.167820E+01 0.218000E+00  -.425000E+00 -.158660E+01 0.218000E+00
 -.425000E+00 -.158660E+01 0.218000E+00  -.333400E+00 -.136550E+01 0.218000E+00
 -.333400E+00 -.136550E+01 0.218000E+00  -.187100E+00 -.136550E+01 0.148200E+00
 -.425000E+00 -.114430E+01 0.218000E+00  -.321500E+00 -.104090E+01 0.148200E+00
 -.646100E+00 -.105270E+01 0.218000E+00  -.646100E+00 -.906400E+00 0.148200E+00
 -.867300E+00 -.114430E+01 0.218000E+00  -.970700E+00 -.104090E+01 0.148200E+00
 -.958900E+00 -.136550E+01 0.218000E+00  -.110520E+01 -.136550E+01 0.148200E+00
 -.867300E+00 -.158660E+01 0.218000E+00  -.970700E+00 -.169010E+01 0.148200E+00
 -.646100E+00 -.167820E+01 0.218000E+00  -.646100E+00 -.182450E+01 0.148200E+00
 -.425000E+00 -.158660E+01 0.218000E+00  -.321500E+00 -.169010E+01 0.148200E+00
 -.187100E+00 -.136550E+01 0.148200E+00  -.222000E+00 -.118980E+01 0.148200E+00
 -.222000E+00 -.118980E+01 0.148200E+00  -.321500E+00 -.104090E+01 0.148200E+00
 -.321500E+00 -.104090E+01 0.148200E+00  -.470500E+00 -.941400E+00 0.148200E+00
 -.470500E+00 -.941400E+00 0.148200E+00  -.646100E+00 -.906400E+00 0.148200E+00
 -.646100E+00 -.906400E+00 0.148200E+00  -.821800E+00 -.941400E+00 0.148200E+00
 -.821800E+00 -.941400E+00 0.148200E+00  -.970700E+00 -.104090E+01 0.148200E+00
 -.970700E+00 -.104090E+01 0.148200E+00  -.107020E+01 -.118980E+01 0.148200E+00
 -.107020E+01 -.118980E+01 0.148200E+00  -.110520E+01 -.136550E+01 0.148200E+00
 -.110520E+01 -.136550E+01 0.148200E+00  -.107020E+01 -.154110E+01 0.148200E+00
 -.107020E+01 -.154110E+01 0.148200E+00  -.970700E+00 -.169010E+01 0.148200E+00
 -.970700E+00 -.169010E+01 0.148200E+00  -.821800E+00 -.178960E+01 0.148200E+00
 -.821800E+00 -.178960E+01 0.148200E+00  -.646100E+00 -.182450E+01 0.148200E+00
 -.646100E+00 -.182450E+01 0.148200E+00  -.470500E+00 -.178960E+01 0.148200E+00
 -.470500E+00 -.178960E+01 0.148200E+00  -.321500E+00 -.169010E+01 0.148200E+00
 -.321500E+00 -.169010E+01 0.148200E+00  -.222000E+00 -.154110E+01 0.148200E+00
 -.222000E+00 -.154110E+01 0.148200E+00  -.187100E+00 -.136550E+01 0.148200E+00
 -.187100E+00 -.136550E+01 0.148200E+00  -.557000E-01 -.136550E+01 0.533000E-01
 -.222000E+00 -.118980E+01 0.148200E+00  -.100600E+00 -.113950E+01 0.533000E-01
 -.321500E+00 -.104090E+01 0.148200E+00  -.228600E+00 -.948000E+00 0.533000E-01
 -.470500E+00 -.941400E+00 0.148200E+00  -.420200E+00 -.820000E+00 0.533000E-01
 -.646100E+00 -.906400E+00 0.148200E+00  -.646100E+00 -.775000E+00 0.533000E-01
 -.821800E+00 -.941400E+00 0.148200E+00  -.872100E+00 -.820000E+00 0.533000E-01
 -.970700E+00 -.104090E+01 0.148200E+00  -.106360E+01 -.948000E+00 0.533000E-01
 -.107020E+01 -.118980E+01 0.148200E+00  -.119160E+01 -.113950E+01 0.533000E-01
 -.110520E+01 -.136550E+01 0.148200E+00  -.123660E+01 -.136550E+01 0.533000E-01
 -.107020E+01 -.154110E+01 0.148200E+00  -.119160E+01 -.159140E+01 0.533000E-01
 -.970700E+00 -.169010E+01 0.148200E+00  -.106360E+01 -.178300E+01 0.533000E-01
 -.821800E+00 -.178960E+01 0.148200E+00  -.872100E+00 -.191100E+01 0.533000E-01
 -.646100E+00 -.182450E+01 0.148200E+00  -.646100E+00 -.195590E+01 0.533000E-01
 -.470500E+00 -.178960E+01 0.148200E+00  -.420200E+00 -.191100E+01 0.533000E-01
 -.321500E+00 -.169010E+01 0.148200E+00  -.228600E+00 -.178300E+01 0.533000E-01
 -.222000E+00 -.154110E+01 0.148200E+00  -.100600E+00 -.159140E+01 0.533000E-01
 -.557000E-01 -.136550E+01 0.533000E-01  -.100600E+00 -.113950E+01 0.533000E-01
 -.100600E+00 -.113950E+01 0.533000E-01  -.228600E+00 -.948000E+00 0.533000E-01
 -.228600E+00 -.948000E+00 0.533000E-01  -.420200E+00 -.820000E+00 0.533000E-01
 -.420200E+00 -.820000E+00 0.533000E-01  -.646100E+00 -.775000E+00 0.533000E-01
 -.646100E+00 -.775000E+00 0.533000E-01  -.872100E+00 -.820000E+00 0.533000E-01
 -.872100E+00 -.820000E+00 0.533000E-01  -.106360E+01 -.948000E+00 0.533000E-01
 -.106360E+01 -.948000E+00 0.533000E-01  -.119160E+01 -.113950E+01 0.533000E-01
 -.119160E+01 -.113950E+01 0.533000E-01  -.123660E+01 -.136550E+01 0.533000E-01
 -.123660E+01 -.136550E+01 0.533000E-01  -.119160E+01 -.159140E+01 0.533000E-01
 -.119160E+01 -.159140E+01 0.533000E-01  -.106360E+01 -.178300E+01 0.533000E-01
 -.106360E+01 -.178300E+01 0.533000E-01  -.872100E+00 -.191100E+01 0.533000E-01
 -.872100E+00 -.191100E+01 0.533000E-01  -.646100E+00 -.195590E+01 0.533000E-01
 -.646100E+00 -.195590E+01 0.533000E-01  -.420200E+00 -.191100E+01 0.533000E-01
 -.420200E+00 -.191100E+01 0.533000E-01  -.228600E+00 -.178300E+01 0.533000E-01
 -.228600E+00 -.178300E+01 0.533000E-01  -.100600E+00 -.159140E+01 0.533000E-01
 -.100600E+00 -.159140E+01 0.533000E-01  -.557000E-01 -.136550E+01 0.533000E-01
 -.381000E+00 -.609500E+00 0.508000E+00  -.381000E+00 -.609500E+00 0.677300E+00
 -.381000E+00 -.609500E+00 0.508000E+00  -.513600E+00 -.909300E+00 0.384200E+00
 -.513600E+00 -.909300E+00 0.384200E+00  -.646100E+00 -.120920E+01 0.260400E+00
 -.571500E+00 0.000000E+00 0.508000E+00  -.571500E+00 0.000000E+00 0.677300E+00
 -.571500E+00 0.203200E+00 0.508000E+00  -.571500E+00 0.203200E+00 0.677300E+00
 -.571500E+00 0.406300E+00 0.169300E+00  -.571500E+00 0.406300E+00 0.338700E+00
 -.571500E+00 0.406300E+00 -.169300E+00  -.571500E+00 0.406300E+00 0.000000E+00
 -.571500E+00 0.203200E+00 -.508000E+00  -.571500E+00 0.203200E+00 -.338700E+00
 -.571500E+00 0.000000E+00 -.508000E+00  -.571500E+00 0.000000E+00 -.338700E+00
 -.571500E+00 -.203200E+00 -.508000E+00  -.571500E+00 -.203200E+00 -.338700E+00
 -.571500E+00 -.406300E+00 -.169300E+00  -.571500E+00 -.406300E+00 0.000000E+00
 -.571500E+00 -.406300E+00 0.169300E+00  -.571500E+00 -.406300E+00 0.338700E+00
 -.571500E+00 -.203200E+00 0.508000E+00  -.571500E+00 -.203200E+00 0.677300E+00
 -.774700E+00 0.000000E+00 0.479400E+00  -.774700E+00 0.239700E+00 0.415200E+00
 -.774700E+00 0.239700E+00 0.415200E+00  -.774700E+00 0.415200E+00 0.239700E+00
 -.774700E+00 0.415200E+00 0.239700E+00  -.774700E+00 0.479400E+00 0.000000E+00
 -.774700E+00 0.479400E+00 0.000000E+00  -.774700E+00 0.415200E+00 -.239700E+00
 -.774700E+00 0.415200E+00 -.239700E+00  -.774700E+00 0.239700E+00 -.415200E+00
 -.774700E+00 0.239700E+00 -.415200E+00  -.774700E+00 0.000000E+00 -.479400E+00
 -.774700E+00 0.000000E+00 -.479400E+00  -.774700E+00 -.239700E+00 -.415200E+00
 -.774700E+00 -.239700E+00 -.415200E+00  -.774700E+00 -.415200E+00 -.239700E+00
 -.774700E+00 -.415200E+00 -.239700E+00  -.774700E+00 -.479400E+00 0.000000E+00
 -.774700E+00 -.479400E+00 0.000000E+00  -.774700E+00 -.415200E+00 0.239700E+00
 -.774700E+00 -.415200E+00 0.239700E+00  -.774700E+00 -.239700E+00 0.415200E+00
 -.774700E+00 -.239700E+00 0.415200E+00  -.774700E+00 0.000000E+00 0.479400E+00
 -.571500E+00 0.000000E+00 0.508000E+00  -.774700E+00 0.000000E+00 0.479400E+00
 -.571500E+00 0.203200E+00 0.508000E+00  -.774700E+00 0.239700E+00 0.415200E+00
 -.571500E+00 0.406300E+00 0.169300E+00  -.774700E+00 0.415200E+00 0.239700E+00
 -.571500E+00 0.406300E+00 -.169300E+00  -.774700E+00 0.415200E+00 -.239700E+00
 -.571500E+00 0.203200E+00 -.508000E+00  -.774700E+00 0.239700E+00 -.415200E+00
 -.571500E+00 0.000000E+00 -.508000E+00  -.774700E+00 0.000000E+00 -.479400E+00
 -.571500E+00 -.203200E+00 -.508000E+00  -.774700E+00 -.239700E+00 -.415200E+00
 -.571500E+00 -.406300E+00 -.169300E+00  -.774700E+00 -.415200E+00 -.239700E+00
 -.571500E+00 -.406300E+00 0.169300E+00  -.774700E+00 -.415200E+00 0.239700E+00
 -.571500E+00 -.203200E+00 0.508000E+00  -.774700E+00 -.239700E+00 0.415200E+00
 -.571500E+00 -.759500E+00 -.846700E+00  -.571500E+00 -.609500E+00 -.677300E+00
 -.381000E+00 -.759500E+00 -.846700E+00  -.381000E+00 -.609500E+00 -.677300E+00
 -.190500E+00 -.759500E+00 -.846700E+00  -.190500E+00 -.609500E+00 -.677300E+00
 0.000000E+00 -.759500E+00 -.846700E+00  0.000000E+00 -.609500E+00 -.677300E+00
 0.190500E+00 -.759500E+00 -.846700E+00  0.190500E+00 -.609500E+00 -.677300E+00
 0.381000E+00 -.759500E+00 -.846700E+00  0.381000E+00 -.609500E+00 -.677300E+00
 0.571500E+00 -.759500E+00 -.846700E+00  0.571500E+00 -.609500E+00 -.677300E+00
 -.571500E+00 -.759500E+00 -.846700E+00  -.381000E+00 -.759500E+00 -.846700E+00
 -.381000E+00 -.759500E+00 -.846700E+00  -.190500E+00 -.759500E+00 -.846700E+00
 -.190500E+00 -.759500E+00 -.846700E+00  0.000000E+00 -.759500E+00 -.846700E+00
 0.000000E+00 -.759500E+00 -.846700E+00  0.190500E+00 -.759500E+00 -.846700E+00
 0.190500E+00 -.759500E+00 -.846700E+00  0.381000E+00 -.759500E+00 -.846700E+00
 0.381000E+00 -.759500E+00 -.846700E+00  0.571500E+00 -.759500E+00 -.846700E+00
 -.571500E+00 -.759500E+00 -.846700E+00  -.837700E+00 -.759500E+00 -.846700E+00
 -.837700E+00 -.759500E+00 -.846700E+00  -.110400E+01 -.759500E+00 -.846700E+00
 -.110400E+01 -.759500E+00 -.846700E+00  -.137030E+01 -.759500E+00 -.846700E+00
 -.137030E+01 -.759500E+00 -.846700E+00  -.163650E+01 -.759500E+00 -.846700E+00
 -.163650E+01 -.759500E+00 -.846700E+00  -.190270E+01 -.759500E+00 -.846700E+00
 -.190270E+01 -.759500E+00 -.846700E+00  -.216900E+01 -.759500E+00 -.846700E+00
 -.216900E+01 -.759500E+00 -.846700E+00  -.243520E+01 -.759500E+00 -.846700E+00
 -.243520E+01 -.759500E+00 -.846700E+00  -.270150E+01 -.759500E+00 -.846700E+00
 -.571500E+00 -.609500E+00 -.101600E+01  -.837700E+00 -.609500E+00 -.101600E+01
 -.837700E+00 -.609500E+00 -.101600E+01  -.110400E+01 -.609500E+00 -.101600E+01
 -.110400E+01 -.609500E+00 -.101600E+01  -.137030E+01 -.609500E+00 -.101600E+01
 -.137030E+01 -.609500E+00 -.101600E+01  -.163650E+01 -.609500E+00 -.101600E+01
 -.163650E+01 -.609500E+00 -.101600E+01  -.190270E+01 -.609500E+00 -.101600E+01
 -.190270E+01 -.609500E+00 -.101600E+01  -.216900E+01 -.609500E+00 -.101600E+01
 -.216900E+01 -.609500E+00 -.101600E+01  -.243520E+01 -.609500E+00 -.101600E+01
 -.243520E+01 -.609500E+00 -.101600E+01  -.270150E+01 -.609500E+00 -.101600E+01
 -.571500E+00 -.609500E+00 -.677300E+00  -.837700E+00 -.609500E+00 -.677300E+00
 -.837700E+00 -.609500E+00 -.677300E+00  -.110400E+01 -.609500E+00 -.677300E+00
 -.110400E+01 -.609500E+00 -.677300E+00  -.137030E+01 -.609500E+00 -.677300E+00
 -.137030E+01 -.609500E+00 -.677300E+00  -.163650E+01 -.609500E+00 -.677300E+00
 -.163650E+01 -.609500E+00 -.677300E+00  -.190270E+01 -.609500E+00 -.677300E+00
 -.190270E+01 -.609500E+00 -.677300E+00  -.216900E+01 -.609500E+00 -.677300E+00
 -.216900E+01 -.609500E+00 -.677300E+00  -.243520E+01 -.609500E+00 -.677300E+00
 -.243520E+01 -.609500E+00 -.677300E+00  -.270150E+01 -.609500E+00 -.677300E+00
 -.270150E+01 -.759500E+00 -.846700E+00  -.270150E+01 -.609500E+00 -.101600E+01
 -.270150E+01 -.609500E+00 -.101600E+01  -.270150E+01 -.609500E+00 -.677300E+00
 -.270150E+01 -.759500E+00 -.846700E+00  -.270150E+01 -.609500E+00 -.677300E+00
 -.837700E+00 -.759500E+00 -.846700E+00  -.837700E+00 -.609500E+00 -.101600E+01
 -.837700E+00 -.609500E+00 -.101600E+01  -.837700E+00 -.609500E+00 -.677300E+00
 -.837700E+00 -.759500E+00 -.846700E+00  -.837700E+00 -.609500E+00 -.677300E+00
 -.110400E+01 -.759500E+00 -.846700E+00  -.110400E+01 -.609500E+00 -.101600E+01
 -.110400E+01 -.609500E+00 -.101600E+01  -.110400E+01 -.609500E+00 -.677300E+00
 -.110400E+01 -.759500E+00 -.846700E+00  -.110400E+01 -.609500E+00 -.677300E+00
 -.137030E+01 -.759500E+00 -.846700E+00  -.137030E+01 -.609500E+00 -.101600E+01
 -.137030E+01 -.609500E+00 -.101600E+01  -.137030E+01 -.609500E+00 -.677300E+00
 -.137030E+01 -.759500E+00 -.846700E+00  -.137030E+01 -.609500E+00 -.677300E+00
 -.163650E+01 -.759500E+00 -.846700E+00  -.163650E+01 -.609500E+00 -.101600E+01
 -.163650E+01 -.609500E+00 -.101600E+01  -.163650E+01 -.609500E+00 -.677300E+00
 -.163650E+01 -.759500E+00 -.846700E+00  -.163650E+01 -.609500E+00 -.677300E+00
 -.190270E+01 -.759500E+00 -.846700E+00  -.190270E+01 -.609500E+00 -.101600E+01
 -.190270E+01 -.609500E+00 -.101600E+01  -.190270E+01 -.609500E+00 -.677300E+00
 -.190270E+01 -.759500E+00 -.846700E+00  -.190270E+01 -.609500E+00 -.677300E+00
 -.216900E+01 -.759500E+00 -.846700E+00  -.216900E+01 -.609500E+00 -.101600E+01
 -.216900E+01 -.609500E+00 -.101600E+01  -.216900E+01 -.609500E+00 -.677300E+00
 -.216900E+01 -.759500E+00 -.846700E+00  -.216900E+01 -.609500E+00 -.677300E+00
 -.243520E+01 -.759500E+00 -.846700E+00  -.243520E+01 -.609500E+00 -.101600E+01
 -.243520E+01 -.609500E+00 -.101600E+01  -.243520E+01 -.609500E+00 -.677300E+00
 -.243520E+01 -.759500E+00 -.846700E+00  -.243520E+01 -.609500E+00 -.677300E+00
 -.270150E+01 -.759500E+00 -.846700E+00  -.300150E+01 -.659500E+00 -.846700E+00
 -.270150E+01 -.609500E+00 -.101600E+01  -.300150E+01 -.659500E+00 -.846700E+00
 -.270150E+01 -.609500E+00 -.677300E+00  -.300150E+01 -.659500E+00 -.846700E+00
 -.300150E+01 -.659500E+00 -.846700E+00  -.334320E+01 -.659500E+00 -.846700E+00
 -.334320E+01 -.659500E+00 -.846700E+00  -.368480E+01 -.659500E+00 -.846700E+00
 -.368480E+01 -.659500E+00 -.846700E+00  -.402650E+01 -.659500E+00 -.846700E+00
 -.402650E+01 -.659500E+00 -.846700E+00  -.436810E+01 -.659500E+00 -.846700E+00
 -.436810E+01 -.659500E+00 -.846700E+00  -.470980E+01 -.659500E+00 -.846700E+00
 -.470980E+01 -.659500E+00 -.846700E+00  -.505140E+01 -.659500E+00 -.846700E+00
 -.571500E+00 0.609500E+00 0.846700E+00  -.571500E+00 0.609500E+00 0.101600E+01
 -.671500E+00 0.534500E+00 0.846000E+00  -.767700E+00 0.534500E+00 0.709900E+00
 -.767700E+00 0.534500E+00 0.709900E+00  -.863900E+00 0.534500E+00 0.573800E+00
 -.863900E+00 0.534500E+00 0.573800E+00  -.105640E+01 0.534500E+00 0.301600E+00
 -.105640E+01 0.534500E+00 0.301600E+00  -.124880E+01 0.534500E+00 0.295000E-01
 -.124880E+01 0.534500E+00 0.295000E-01  -.144120E+01 0.534500E+00 -.242700E+00
 -.144120E+01 0.534500E+00 -.242700E+00  -.163360E+01 0.534500E+00 -.514900E+00
 -.163360E+01 0.534500E+00 -.514900E+00  -.182610E+01 0.534500E+00 -.787100E+00
 -.182610E+01 0.534500E+00 -.787100E+00  -.201850E+01 0.534500E+00 -.105930E+01
 -.201850E+01 0.534500E+00 -.105930E+01  -.221090E+01 0.534500E+00 -.133140E+01
 -.221090E+01 0.534500E+00 -.133140E+01  -.240340E+01 0.534500E+00 -.160360E+01
 -.240340E+01 0.534500E+00 -.160360E+01  -.259580E+01 0.534500E+00 -.187580E+01
 -.259580E+01 0.534500E+00 -.187580E+01  -.278820E+01 0.534500E+00 -.214800E+01
 -.278820E+01 0.534500E+00 -.214800E+01  -.298070E+01 0.534500E+00 -.242020E+01
 -.298070E+01 0.534500E+00 -.242020E+01  -.317310E+01 0.534500E+00 -.269230E+01
 -.317310E+01 0.534500E+00 -.269230E+01  -.336550E+01 0.534500E+00 -.296450E+01
 -.336550E+01 0.534500E+00 -.296450E+01  -.355790E+01 0.534500E+00 -.323670E+01
 -.355790E+01 0.534500E+00 -.323670E+01  -.375040E+01 0.534500E+00 -.350890E+01
 -.375040E+01 0.534500E+00 -.350890E+01  -.394280E+01 0.534500E+00 -.378110E+01
 -.394280E+01 0.534500E+00 -.378110E+01  -.413520E+01 0.534500E+00 -.405320E+01
 -.571500E+00 0.609500E+00 0.846700E+00  -.671500E+00 0.534500E+00 0.846000E+00
 -.671500E+00 0.509500E+00 0.916000E+00  -.767700E+00 0.627400E+00 0.984000E+00
 -.767700E+00 0.627400E+00 0.984000E+00  -.863900E+00 0.745200E+00 0.105210E+01
 -.863900E+00 0.745200E+00 0.105210E+01  -.105640E+01 0.980900E+00 0.118820E+01
 -.105640E+01 0.980900E+00 0.118820E+01  -.124880E+01 0.121660E+01 0.132430E+01
 -.124880E+01 0.121660E+01 0.132430E+01  -.144120E+01 0.145240E+01 0.146040E+01
 -.144120E+01 0.145240E+01 0.146040E+01  -.163360E+01 0.168810E+01 0.159650E+01
 -.163360E+01 0.168810E+01 0.159650E+01  -.182610E+01 0.192380E+01 0.173250E+01
 -.182610E+01 0.192380E+01 0.173250E+01  -.201850E+01 0.215950E+01 0.186860E+01
 -.201850E+01 0.215950E+01 0.186860E+01  -.221090E+01 0.239520E+01 0.200470E+01
 -.221090E+01 0.239520E+01 0.200470E+01  -.240340E+01 0.263090E+01 0.214080E+01
 -.240340E+01 0.263090E+01 0.214080E+01  -.259580E+01 0.286670E+01 0.227690E+01
 -.259580E+01 0.286670E+01 0.227690E+01  -.278820E+01 0.310240E+01 0.241300E+01
 -.278820E+01 0.310240E+01 0.241300E+01  -.298070E+01 0.333810E+01 0.254910E+01
 -.298070E+01 0.333810E+01 0.254910E+01  -.317310E+01 0.357380E+01 0.268520E+01
 -.317310E+01 0.357380E+01 0.268520E+01  -.336550E+01 0.380950E+01 0.282130E+01
 -.336550E+01 0.380950E+01 0.282130E+01  -.355790E+01 0.404520E+01 0.295740E+01
 -.355790E+01 0.404520E+01 0.295740E+01  -.375040E+01 0.428090E+01 0.309340E+01
 -.375040E+01 0.428090E+01 0.309340E+01  -.394280E+01 0.451670E+01 0.322950E+01
 -.394280E+01 0.451670E+01 0.322950E+01  -.413520E+01 0.475240E+01 0.336560E+01
 -.571500E+00 0.548500E+00 0.101600E+01  -.671500E+00 0.509500E+00 0.916000E+00
 -.571500E+00 0.406300E+00 0.846700E+00  -.571500E+00 0.406300E+00 0.101600E+01
 -.671500E+00 0.484500E+00 0.846000E+00  -.767700E+00 0.366600E+00 0.914000E+00
 -.767700E+00 0.366600E+00 0.914000E+00  -.863900E+00 0.248800E+00 0.982100E+00
 -.863900E+00 0.248800E+00 0.982100E+00  -.105640E+01 0.131000E-01 0.111820E+01
 -.105640E+01 0.131000E-01 0.111820E+01  -.124880E+01 -.222600E+00 0.125430E+01
 -.124880E+01 -.222600E+00 0.125430E+01  -.144120E+01 -.458400E+00 0.139040E+01
 -.144120E+01 -.458400E+00 0.139040E+01  -.163360E+01 -.694100E+00 0.152650E+01
 -.163360E+01 -.694100E+00 0.152650E+01  -.182610E+01 -.929800E+00 0.166250E+01
 -.182610E+01 -.929800E+00 0.166250E+01  -.201850E+01 -.116550E+01 0.179860E+01
 -.201850E+01 -.116550E+01 0.179860E+01  -.221090E+01 -.140120E+01 0.193470E+01
 -.221090E+01 -.140120E+01 0.193470E+01  -.240340E+01 -.163690E+01 0.207080E+01
 -.240340E+01 -.163690E+01 0.207080E+01  -.259580E+01 -.187270E+01 0.220690E+01
 -.259580E+01 -.187270E+01 0.220690E+01  -.278820E+01 -.210840E+01 0.234300E+01
 -.278820E+01 -.210840E+01 0.234300E+01  -.298070E+01 -.234410E+01 0.247910E+01
 -.298070E+01 -.234410E+01 0.247910E+01  -.317310E+01 -.257980E+01 0.261520E+01
 -.317310E+01 -.257980E+01 0.261520E+01  -.336550E+01 -.281550E+01 0.275130E+01
 -.336550E+01 -.281550E+01 0.275130E+01  -.355790E+01 -.305120E+01 0.288740E+01
 -.355790E+01 -.305120E+01 0.288740E+01  -.375040E+01 -.328690E+01 0.302340E+01
 -.375040E+01 -.328690E+01 0.302340E+01  -.394280E+01 -.352270E+01 0.315950E+01
 -.394280E+01 -.352270E+01 0.315950E+01  -.413520E+01 -.375840E+01 0.329560E+01
 -.571500E+00 0.406300E+00 0.846700E+00  -.671500E+00 0.484500E+00 0.846000E+00
 -.571500E+00 -.609500E+00 0.000000E+00  -.571500E+00 -.406300E+00 0.000000E+00
 -.571500E+00 0.406300E+00 0.000000E+00  -.571500E+00 0.609500E+00 0.000000E+00
 0.571500E+00 0.609500E+00 -.169300E+00  0.621500E+00 0.661600E+00 -.373600E+00
 0.571500E+00 0.609500E+00 0.169300E+00  0.621500E+00 0.661600E+00 0.366000E+00
 0.381000E+00 -.548600E+00 -.101600E+01  0.381000E+00 -.406300E+00 -.101600E+01
 0.381000E+00 -.548600E+00 -.101600E+01  0.381000E+00 -.548600E+00 -.124650E+01
 0.571500E+00 -.142200E+00 0.101600E+01  0.571500E+00 0.000000E+00 0.101600E+01
 0.571500E+00 -.142200E+00 0.101600E+01  0.571500E+00 -.142200E+00 0.134620E+01
