   99
 0.000000E+00 0.000000E+00 -.300000E+01  0.000000E+00 0.000000E+00 -.293940E+01
 0.000000E+00 0.000000E+00 -.293940E+01  0.000000E+00 0.000000E+00 -.287880E+01
 0.000000E+00 0.000000E+00 -.287880E+01  0.000000E+00 0.000000E+00 -.281820E+01
 0.000000E+00 0.000000E+00 -.281820E+01  0.000000E+00 0.000000E+00 -.275760E+01
 0.000000E+00 0.000000E+00 -.275760E+01  0.000000E+00 0.000000E+00 -.269700E+01
 0.000000E+00 0.000000E+00 -.269700E+01  0.000000E+00 0.000000E+00 -.263640E+01
 0.000000E+00 0.000000E+00 -.263640E+01  0.000000E+00 0.000000E+00 -.257580E+01
 0.000000E+00 0.000000E+00 -.257580E+01  0.000000E+00 0.000000E+00 -.251520E+01
 0.000000E+00 0.000000E+00 -.251520E+01  0.000000E+00 0.000000E+00 -.245450E+01
 0.000000E+00 0.000000E+00 -.245450E+01  0.000000E+00 0.000000E+00 -.239390E+01
 0.000000E+00 0.000000E+00 -.239390E+01  0.000000E+00 0.000000E+00 -.233330E+01
 0.000000E+00 0.000000E+00 -.233330E+01  0.000000E+00 0.000000E+00 -.227270E+01
 0.000000E+00 0.000000E+00 -.227270E+01  0.000000E+00 0.000000E+00 -.221210E+01
 0.000000E+00 0.000000E+00 -.221210E+01  0.000000E+00 0.000000E+00 -.215150E+01
 0.000000E+00 0.000000E+00 -.215150E+01  0.000000E+00 0.000000E+00 -.209090E+01
 0.000000E+00 0.000000E+00 -.209090E+01  0.000000E+00 0.000000E+00 -.203030E+01
 0.000000E+00 0.000000E+00 -.203030E+01  0.000000E+00 0.000000E+00 -.196970E+01
 0.000000E+00 0.000000E+00 -.196970E+01  0.000000E+00 0.000000E+00 -.190910E+01
 0.000000E+00 0.000000E+00 -.190910E+01  0.000000E+00 0.000000E+00 -.184850E+01
 0.000000E+00 0.000000E+00 -.184850E+01  0.000000E+00 0.000000E+00 -.178790E+01
 0.000000E+00 0.000000E+00 -.178790E+01  0.000000E+00 0.000000E+00 -.172730E+01
 0.000000E+00 0.000000E+00 -.172730E+01  0.000000E+00 0.000000E+00 -.166670E+01
 0.000000E+00 0.000000E+00 -.166670E+01  0.000000E+00 0.000000E+00 -.160610E+01
 0.000000E+00 0.000000E+00 -.160610E+01  0.000000E+00 0.000000E+00 -.154550E+01
 0.000000E+00 0.000000E+00 -.154550E+01  0.000000E+00 0.000000E+00 -.148480E+01
 0.000000E+00 0.000000E+00 -.148480E+01  0.000000E+00 0.000000E+00 -.142420E+01
 0.000000E+00 0.000000E+00 -.142420E+01  0.000000E+00 0.000000E+00 -.136360E+01
 0.000000E+00 0.000000E+00 -.136360E+01  0.000000E+00 0.000000E+00 -.130300E+01
 0.000000E+00 0.000000E+00 -.130300E+01  0.000000E+00 0.000000E+00 -.124240E+01
 0.000000E+00 0.000000E+00 -.124240E+01  0.000000E+00 0.000000E+00 -.118180E+01
 0.000000E+00 0.000000E+00 -.118180E+01  0.000000E+00 0.000000E+00 -.112120E+01
 0.000000E+00 0.000000E+00 -.112120E+01  0.000000E+00 0.000000E+00 -.106060E+01
 0.000000E+00 0.000000E+00 -.106060E+01  0.000000E+00 0.000000E+00 -.100000E+01
 0.000000E+00 0.000000E+00 -.100000E+01  0.000000E+00 0.000000E+00 -.939400E+00
 0.000000E+00 0.000000E+00 -.939400E+00  0.000000E+00 0.000000E+00 -.878800E+00
 0.000000E+00 0.000000E+00 -.878800E+00  0.000000E+00 0.000000E+00 -.818200E+00
 0.000000E+00 0.000000E+00 -.818200E+00  0.000000E+00 0.000000E+00 -.757600E+00
 0.000000E+00 0.000000E+00 -.757600E+00  0.000000E+00 0.000000E+00 -.697000E+00
 0.000000E+00 0.000000E+00 -.697000E+00  0.000000E+00 0.000000E+00 -.636400E+00
 0.000000E+00 0.000000E+00 -.636400E+00  0.000000E+00 0.000000E+00 -.575800E+00
 0.000000E+00 0.000000E+00 -.575800E+00  0.000000E+00 0.000000E+00 -.515200E+00
 0.000000E+00 0.000000E+00 -.515200E+00  0.000000E+00 0.000000E+00 -.454500E+00
 0.000000E+00 0.000000E+00 -.454500E+00  0.000000E+00 0.000000E+00 -.393900E+00
 0.000000E+00 0.000000E+00 -.393900E+00  0.000000E+00 0.000000E+00 -.333300E+00
 0.000000E+00 0.000000E+00 -.333300E+00  0.000000E+00 0.000000E+00 -.272700E+00
 0.000000E+00 0.000000E+00 -.272700E+00  0.000000E+00 0.000000E+00 -.212100E+00
 0.000000E+00 0.000000E+00 -.212100E+00  0.000000E+00 0.000000E+00 -.151500E+00
 0.000000E+00 0.000000E+00 -.151500E+00  0.000000E+00 0.000000E+00 -.909000E-01
 0.000000E+00 0.000000E+00 -.909000E-01  0.000000E+00 0.000000E+00 -.303000E-01
 0.000000E+00 0.000000E+00 -.303000E-01  0.000000E+00 0.000000E+00 0.303000E-01
 0.000000E+00 0.000000E+00 0.303000E-01  0.000000E+00 0.000000E+00 0.909000E-01
 0.000000E+00 0.000000E+00 0.909000E-01  0.000000E+00 0.000000E+00 0.151500E+00
 0.000000E+00 0.000000E+00 0.151500E+00  0.000000E+00 0.000000E+00 0.212100E+00
 0.000000E+00 0.000000E+00 0.212100E+00  0.000000E+00 0.000000E+00 0.272700E+00
 0.000000E+00 0.000000E+00 0.272700E+00  0.000000E+00 0.000000E+00 0.333300E+00
 0.000000E+00 0.000000E+00 0.333300E+00  0.000000E+00 0.000000E+00 0.393900E+00
 0.000000E+00 0.000000E+00 0.393900E+00  0.000000E+00 0.000000E+00 0.454500E+00
 0.000000E+00 0.000000E+00 0.454500E+00  0.000000E+00 0.000000E+00 0.515200E+00
 0.000000E+00 0.000000E+00 0.515200E+00  0.000000E+00 0.000000E+00 0.575800E+00
 0.000000E+00 0.000000E+00 0.575800E+00  0.000000E+00 0.000000E+00 0.636400E+00
 0.000000E+00 0.000000E+00 0.636400E+00  0.000000E+00 0.000000E+00 0.697000E+00
 0.000000E+00 0.000000E+00 0.697000E+00  0.000000E+00 0.000000E+00 0.757600E+00
 0.000000E+00 0.000000E+00 0.757600E+00  0.000000E+00 0.000000E+00 0.818200E+00
 0.000000E+00 0.000000E+00 0.818200E+00  0.000000E+00 0.000000E+00 0.878800E+00
 0.000000E+00 0.000000E+00 0.878800E+00  0.000000E+00 0.000000E+00 0.939400E+00
 0.000000E+00 0.000000E+00 0.939400E+00  0.000000E+00 0.000000E+00 0.100000E+01
 0.000000E+00 0.000000E+00 0.100000E+01  0.000000E+00 0.000000E+00 0.106060E+01
 0.000000E+00 0.000000E+00 0.106060E+01  0.000000E+00 0.000000E+00 0.112120E+01
 0.000000E+00 0.000000E+00 0.112120E+01  0.000000E+00 0.000000E+00 0.118180E+01
 0.000000E+00 0.000000E+00 0.118180E+01  0.000000E+00 0.000000E+00 0.124240E+01
 0.000000E+00 0.000000E+00 0.124240E+01  0.000000E+00 0.000000E+00 0.130300E+01
 0.000000E+00 0.000000E+00 0.130300E+01  0.000000E+00 0.000000E+00 0.136360E+01
 0.000000E+00 0.000000E+00 0.136360E+01  0.000000E+00 0.000000E+00 0.142420E+01
 0.000000E+00 0.000000E+00 0.142420E+01  0.000000E+00 0.000000E+00 0.148480E+01
 0.000000E+00 0.000000E+00 0.148480E+01  0.000000E+00 0.000000E+00 0.154550E+01
 0.000000E+00 0.000000E+00 0.154550E+01  0.000000E+00 0.000000E+00 0.160610E+01
 0.000000E+00 0.000000E+00 0.160610E+01  0.000000E+00 0.000000E+00 0.166670E+01
 0.000000E+00 0.000000E+00 0.166670E+01  0.000000E+00 0.000000E+00 0.172730E+01
 0.000000E+00 0.000000E+00 0.172730E+01  0.000000E+00 0.000000E+00 0.178790E+01
 0.000000E+00 0.000000E+00 0.178790E+01  0.000000E+00 0.000000E+00 0.184850E+01
 0.000000E+00 0.000000E+00 0.184850E+01  0.000000E+00 0.000000E+00 0.190910E+01
 0.000000E+00 0.000000E+00 0.190910E+01  0.000000E+00 0.000000E+00 0.196970E+01
 0.000000E+00 0.000000E+00 0.196970E+01  0.000000E+00 0.000000E+00 0.203030E+01
 0.000000E+00 0.000000E+00 0.203030E+01  0.000000E+00 0.000000E+00 0.209090E+01
 0.000000E+00 0.000000E+00 0.209090E+01  0.000000E+00 0.000000E+00 0.215150E+01
 0.000000E+00 0.000000E+00 0.215150E+01  0.000000E+00 0.000000E+00 0.221210E+01
 0.000000E+00 0.000000E+00 0.221210E+01  0.000000E+00 0.000000E+00 0.227270E+01
 0.000000E+00 0.000000E+00 0.227270E+01  0.000000E+00 0.000000E+00 0.233330E+01
 0.000000E+00 0.000000E+00 0.233330E+01  0.000000E+00 0.000000E+00 0.239390E+01
 0.000000E+00 0.000000E+00 0.239390E+01  0.000000E+00 0.000000E+00 0.245450E+01
 0.000000E+00 0.000000E+00 0.245450E+01  0.000000E+00 0.000000E+00 0.251520E+01
 0.000000E+00 0.000000E+00 0.251520E+01  0.000000E+00 0.000000E+00 0.257580E+01
 0.000000E+00 0.000000E+00 0.257580E+01  0.000000E+00 0.000000E+00 0.263640E+01
 0.000000E+00 0.000000E+00 0.263640E+01  0.000000E+00 0.000000E+00 0.269700E+01
 0.000000E+00 0.000000E+00 0.269700E+01  0.000000E+00 0.000000E+00 0.275760E+01
 0.000000E+00 0.000000E+00 0.275760E+01  0.000000E+00 0.000000E+00 0.281820E+01
 0.000000E+00 0.000000E+00 0.281820E+01  0.000000E+00 0.000000E+00 0.287880E+01
 0.000000E+00 0.000000E+00 0.287880E+01  0.000000E+00 0.000000E+00 0.293940E+01
 0.000000E+00 0.000000E+00 0.293940E+01  0.000000E+00 0.000000E+00 0.300000E+01
